25.9941668888889
25.6083847777778
26.0200728888889
25.6656231111111
25.4476147777778
25.0171237777778
24.66727
24.7849766666667
25.5642743333333
26.0373238888889
26.6017768888889
26.3471001111111
26.6317163333333
26.1793058888889
26.237403
25.9551508888889
25.5858543333333
24.9537226666667
24.8459617777778
25.0385725555556
25.6310663333333
26.4510157777778
26.5561914444444
26.359787
26.1613716666667
25.9651921111111
25.729042
25.8377441111111
25.3403881111111
25.1305092222222
24.8080585555556
25.1726073333333
25.6851237777778
26.2986814444444
26.8306733333333
26.3215678888889
25.9976493333333
25.9215148888889
25.7682833333333
25.1313077777778
24.9892398888889
24.6438422222222
24.619945
24.6040511111111
24.8732527777778
25.7735224444444
26.2528676666667
26.4946561111111
25.7875195555556
26.2595883333333
25.9332908888889
25.5319037777778
25.449625
24.8002055555556
24.7467602222222
24.8970413333333
25.3638372222222
26.2650282222222
26.7878604444444
26.5304648888889
26.3615095555556
25.7208526666667
25.8724447777778
25.9316832222222
25.5474811111111
25.0343628888889
24.8053206666667
25.012023
25.3233665555555
26.0923614444444
26.3432064444444
26.4402497777778
26.1716358888889
25.7271508888889
25.5497894444444
25.4693908888889
25.1630222222222
24.9734393333333
24.444113
24.4914717777778
25.1007427777778
25.5230255555556
25.9943702222222
26.012953
25.6920488888889
25.838255
25.1608243333333
25.5879862222222
24.7971616666667
24.5021981111111
24.3496685555556
24.7151624444444
25.0643404444444
26.0688094444444
26.272944
26.1733603333333
26.2855573333333
26.6827544444444
26.5000286666667
26.2877925555556
25.9142905555556
25.3660845555556
24.8134155555556
24.9899935555556
25.4611334444444
25.9982663333333
26.450525
26.629181
26.5058932222222
26.3851325555556
26.0199057777778
26.0082712222222
25.6839136666667
25.2359491111111
24.5826805555556
24.7194852222222
25.4116186666667
26.1906866666667
26.2741045555556
26.5173518888889
26.2395095555556
26.1425797777778
26.0826756666667
25.8372532222222
25.1725431111111
25.0573577777778
24.57817
24.6256695555555
25.1350522222222
25.6004047777778
26.171804
26.3021113333333
26.1466792222222
26.1908966666667
26.3033253333333
26.0204076666667
25.5758337777778
25.2571547777778
25.0940085555556
25.1676941111111
25.6946875555556
26.5028323333333
27.015692
26.5427126666667
26.4654217777778
26.5699928888889
26.7696937777778
26.1126997777778
25.9175728888889
25.4492188888889
25.1090528888889
25.3274416666667
25.6638885555556
26.3104197777778
26.7394815555556
26.3073577777778
25.8011998888889
25.5949874444444
25.5962437777778
25.4398974444444
25.0495353333333
24.93012
24.259246
24.8289642222222
25.1127496666667
26.0278558888889
26.2352932222222
26.1085094444444
26.1824341111111
26.1914072222222
25.985522
26.1669895555556
25.1609583333333
24.8459556666667
24.2189298888889
24.692706
24.9860814444444
26.0365516666667
26.360749
25.8383846666667
25.8879216666667
25.6231314444444
25.5825204444444
25.5744765555556
25.6004477777778
25.0648558888889
24.6039405555556
24.7517038888889
25.5295094444444
25.5434927777778
26.1555623333333
26.4403304444444
25.868838
25.8059758888889
26.2558781111111
26.0578341111111
25.5085721111111
24.9230831111111
24.563853
24.9483474444444
25.5533658888889
25.9968024444444
26.7224263333333
26.5155214444444
26.3406662222222
26.3338801111111
25.8276064444444
26.0270208888889
25.6937204444444
25.0376723333333
24.6705302222222
24.732888
25.0700192222222
25.9004787777778
26.1917454444444
25.991116
26.4108156666667
26.3099172222222
26.3548915555555
26.430888
25.6247754444444
24.9471917777778
24.7285793333333
24.9510436666667
25.4167082222222
26.0947848888889
26.2391444444444
26.5457255555556
26.3843578888889
25.744783
25.8458643333333
26.1978635555556
25.89225
25.3963368888889
24.943157
25.179167
25.6517122222222
26.0369762222222
26.1491851111111
26.3400854444444
26.067516
26.2022347777778
26.1360658888889
26.1082127777778
25.5752553333333
25.2672576666667
24.7383254444444
24.8690988888889
25.3312318888889
26.1543646666667
26.5612825555556
26.4590751111111
26.2127746666667
25.9072436666667
26.329478
26.0819548888889
25.6090952222222
25.2637313333333
24.8674368888889
24.9725681111111
25.5306152222222
25.7553314444444
26.3596438888889
26.5854273333333
26.9229336666667
26.5566998888889
26.6691851111111
26.8446051111111
26.4631771111111
25.7992798888889
25.23639
25.2902265555555
25.849627
26.0458204444444
26.6219982222222
26.5113973333333
26.3562731111111
26.6503441111111
26.4899902222222
25.7939945555556
25.4343142222222
25.2531213333333
24.8302603333333
25.1570095555555
25.6319223333333
26.1642293333333
26.5494368888889
26.8971813333333
26.3489956666667
25.8117835555556
26.0315163333333
25.4233315555556
25.5031763333333
25.1854847777778
24.4104106666667
24.8157024444444
25.3957037777778
26.2018364444444
26.3549992222222
25.7640057777778
26.1239046666667
25.9207671111111
25.6099133333333
25.8275883333333
25.8316743333333
24.9246995555556
24.7567698888889
24.9836382222222
25.3213153333333
25.7787714444444
26.0561506666667
26.3369631111111
26.397868
26.4712042222222
26.3070832222222
26.4828238888889
26.5297224444444
25.694942
25.5439548888889
25.7696176666667
26.1919184444444
26.5118947777778
27.1978845555556
27.3066804444444
26.8729978888889
27.03636
26.833151
26.3672831111111
26.1574334444444
25.4774771111111
24.8096203333333
24.8826803333333
25.5642397777778
26.2521836666667
26.5011681111111
26.1525234444444
26.2595824444444
26.6220956666667
26.4984353333333
25.7074991111111
25.5263552222222
25.2411065555556
24.7718124444444
25.1068633333333
25.8885014444444
26.3899435555555
26.7624985555556
26.2312908888889
26.3672576666667
26.4785147777778
26.7599811111111
26.5733378888889
26.189131
25.5658163333333
24.9865994444444
25.2225925555556
25.6319742222222
26.1286664444444
26.5607518888889
26.7371935555556
26.4746456666667
26.7097277777778
26.3669534444444
26.2295454444444
25.7765732222222
25.412173
24.7848891111111
24.6829223333333
25.3836492222222
25.5981563333333
26.1804156666667
26.7432436666667
26.56723
25.8867788888889
26.0756498888889
26.4536303333333
26.2634422222222
25.3493501111111
24.8748721111111
25.0201112222222
25.4635723333333
26.0178087777778
26.2678476666667
26.6446677777778
26.5191006666667
26.6573884444444
26.6440826666667
26.5903126666667
26.2512752222222
25.6838632222222
25.2952228888889
25.5004041111111
26.1041006666667
26.5935864444444
26.7559093333333
27.064966
26.6329727777778
26.5290196666667
26.4569182222222
26.0250267777778
25.7458676666667
25.1734731111111
24.842259
25.0536396666667
25.5434111111111
26.1405351111111
26.5111874444444
26.6161084444444
26.5053837777778
26.5283722222222
26.8329441111111
26.1734924444444
25.9055345555556
25.383331
24.9632
25.1669574444444
25.5509152222222
26.2097473333333
26.0281966666667
26.6958703333333
26.4550001111111
26.7392043333333
26.4667341111111
26.0157656666667
25.9266178888889
25.3266583333333
24.9358773333333
25.1648907777778
25.6914694444444
26.2392408888889
26.508151
26.9370421111111
26.6423238888889
26.3590376666667
26.3440612222222
25.9248088888889
25.5447134444444
25.435379
24.9661923333333
25.0677314444444
25.8484767777778
26.5158624444444
26.8298306666667
27.144749
27.0785174444444
27.8294906666667
27.5451286666667
27.505846
26.977176
26.0525885555556
25.5740315555556
25.6199671111111
26.1479416666667
26.6943621111111
26.9704793333333
26.9732325555556
26.7229021111111
26.6170596666667
26.4770194444444
26.2973802222222
25.641177
25.59439
25.1032647777778
25.0668132222222
25.6967425555556
26.0277472222222
26.4655853333333
26.5591793333333
26.2806024444444
26.1895622222222
26.3384313333333
25.9900377777778
25.938445
25.3335783333333
24.7581958888889
25.0831731111111
25.490821
26.3015255555556
26.6375146666667
26.4413426666667
26.2609641111111
26.5745391111111
26.4392107777778
26.0136712222222
26.3773837777778
25.2635
25.0781605555556
25.071891
25.6659614444444
26.2919803333333
26.7323616666667
26.887981
25.9860212222222
26.5551902222222
26.2830107777778
26.2141512222222
26.054857
25.3019755555556
25.1816601111111
25.3064176666667
25.8230345555556
26.2818526666667
26.6696092222222
26.9997236666667
27.0673768888889
26.4997938888889
26.3524603333333
26.4788588888889
26.1665114444444
25.4508792222222
25.3051308888889
25.5701235555556
26.0779494444444
26.5964378888889
26.9130468888889
27.1005765555556
26.4704165555556
26.4036035555556
26.7313674444444
26.6060618888889
26.2305686666667
25.3785976666667
24.9626166666667
25.2933054444444
25.8547321111111
26.5981292222222
26.9325121111111
27.1629087777778
27.3837957777778
27.2264768888889
27.0345247777778
26.7716893333333
25.9499935555556
25.4416098888889
25.1642293333333
25.2449451111111
25.8726841111111
26.5042545555556
27.0106345555556
26.749043
26.7452357777778
26.9945527777778
26.8231157777778
26.3024055555555
25.969779
25.3932072222222
25.1835013333333
25.4134546666667
25.8509454444444
26.6040918888889
26.7786034444444
27.1204036666667
27.2488064444444
26.5240706666667
26.297966
26.2843525555556
26.0747274444444
25.3347745555556
25.1894648888889
25.1446671111111
25.5053498888889
26.1566272222222
26.7694974444444
26.6826205555556
26.4172286666667
26.84541
26.2517751111111
26.131997
25.8848487777778
25.2112342222222
24.855463
25.1330253333333
25.9641113333333
26.5555115555556
27.0406518888889
26.9294863333333
26.8166572222222
26.3409611111111
26.6521155555556
26.295962
25.6207207777778
25.4837071111111
25.1247524444444
25.3954011111111
26.1522293333333
26.6328262222222
26.9839385555556
27.1555904444444
26.8273407777778
27.4378491111111
27.6828274444444
27.0654332222222
26.913726
26.0770476666667
25.4885821111111
25.3570896666667
25.805231
26.7285443333333
27.0421007777778
26.8834781111111
26.2587815555556
26.4124842222222
26.7681893333333
26.1302964444444
25.8631777777778
25.4892501111111
24.9833806666667
25.3649928888889
25.7209184444444
26.2166994444444
26.3320752222222
26.8113005555556
26.4397998888889
26.212804
26.51431
26.6710723333333
26.3818002222222
25.6819016666667
25.3203658888889
25.1785118888889
25.7843884444444
26.2107903333333
26.812483
26.8464863333333
26.9837613333333
27.1852373333333
27.4479386666667
26.8729323333333
26.2693014444444
25.6875101111111
25.3114334444444
25.4890171111111
26.0101056666667
26.4917135555556
26.4954834444444
26.940411
26.5350358888889
26.3836475555556
26.6470227777778
26.7372725555556
26.0244591111111
25.7410037777778
25.3203378888889
25.3673121111111
25.7186542222222
26.3303307777778
26.601816
26.710801
26.7596765555556
26.7451953333333
26.6047295555556
26.8522304444444
26.5009764444444
25.682318
25.3564027777778
25.4657051111111
26.2021501111111
26.7180192222222
27.2765452222222
27.4200897777778
26.816513
27.038686
27.2160076666667
27.0490993333333
26.5209927777778
26.0419361111111
25.6702398888889
25.9119117777778
26.2643593333333
26.9691084444444
27.3189546666667
27.2408164444444
26.8894661111111
26.8518694444444
26.8269875555556
26.7741952222222
26.4727247777778
26.0020931111111
25.0641978888889
25.463015
25.7798843333333
26.540341
26.8769996666667
27.124477
26.7040753333333
26.452968
26.8468287777778
26.1355692222222
26.0046641111111
25.6689732222222
25.3315922222222
25.6592061111111
26.1637396666667
26.8669118888889
27.1481796666667
26.7881623333333
26.8670927777778
27.0566328888889
26.9135185555556
26.8362867777778
26.8071681111111
26.0632295555556
25.4529088888889
25.5506897777778
26.0994626666667
26.623652
27.1283044444444
27.4007475555556
27.1411531111111
27.1953167777778
27.0783572222222
26.8210075555556
26.4348646666667
25.7139383333333
25.2525277777778
25.3686267777778
25.856625
26.8137927777778
26.8281444444444
26.9050786666667
26.6630858888889
26.9062984444444
26.466985
26.5169998888889
25.9683312222222
25.5523166666667
25.2497456666667
25.3433118888889
26.2817204444444
26.9318433333333
27.3504307777778
27.342453
26.6596823333333
27.113026
26.4843386666667
26.5433741111111
26.0410028888889
25.300326
25.0958003333333
25.1621771111111
25.6362108888889
26.4931535555556
26.4012053333333
26.6734975555556

