1961-01-01    -0.4746663781361988    -0.4877554331971299    0.01308905506093111
1961-02-01    -0.834440801075278    -0.4877554331971299    0.3466853678781481
1961-03-01    -0.3826951272401402    -0.4877554331971299    0.10506030595698967
1961-04-01    -0.5568540035842275    -0.4877554331971299    0.06909857038709766
1961-05-01    -0.4304100197132676    -0.4378853197168471    0.007475300003579488
1961-06-01    -0.3368345376344166    -0.3700756608566361    0.033241123222219504
1961-07-01    -0.2915161505376424    -0.3386509959677466    0.04713484543010421
1961-08-01    -0.3502236057347652    -0.28250565824014234    0.06771794749462284
1961-09-01    -0.0912277329749073    -0.1602700072616458    0.06904227428673851
1961-10-01    -0.230862360215049    -0.18131224379927868    0.04955011641577031
1961-11-01    -0.0187088243727657    -0.10451683553046921    0.0858080111577035
1961-12-01    -0.3212353781362047    -0.2320290765914019    0.08920630154480277
1962-01-01    0.1628830663082467    -0.2703873641218707    0.43327043043011737
1962-02-01    -0.2635196899641663    -0.24322047998567053    0.02029920997849577
1962-03-01    -0.1653650161290301    -0.20225674181003742    0.03689172568100732
1962-04-01    -0.2673262258064568    -0.24542548724014723    0.021900738566309585
1962-05-01    -0.2921704641577136    -0.2800930590215105    0.01207740513620309
1962-06-01    -0.4002356487455252    -0.30566248420789077    0.09457316453763442
1962-07-01    -0.1128243727598672    -0.16566922191398487    0.05284484915411766
1962-08-01    -0.0966277168458731    -0.12131269846954078    0.02468498162366768
1962-09-01    -0.0244357329749078    0.06691816788530634    0.09135390086021414
1962-10-01    0.1828295286738424    0.06065179062007448    0.12217773805376791
1962-11-01    -0.0642942688172105    -0.04068169799283389    0.023612570824376608
1962-12-01    -0.3085484892473147    -0.2541560664892495    0.05439242275806522
1963-01-01    -0.3074616003584225    -0.2871106886899634    0.020350911668459093
1963-02-01    -0.4776334677419456    -0.31526391289784766    0.16236955484409793
1963-03-01    -0.6737260161290308    -0.38428704467204006    0.28943897145699077
1963-04-01    -0.3847330035842269    -0.40851223998028346    0.023779236396056558
1963-05-01    -0.5376366863799298    -0.44027499574014184    0.09736169063978795
1963-06-01    -0.2234490931899699    -0.433963725664873    0.21051463247490312
1963-07-01    -0.1507275949820865    -0.1195507919229405    0.031176803059145983
1963-08-01    0.0374070609318977    0.012753868915769356    0.02465319201612834
1963-09-01    0.0296217114695309    0.025281155267023625    0.004340556202507274
1963-10-01    0.0304951953405101    0.04606630366487788    0.01557110832436778
1963-11-01    0.2101876200716788    0.11760005521325896    0.09258756485841983
1963-12-01    -0.3467676003584259    0.008852405166663349    0.35562000552508927
1964-01-01    -0.4711839336917549    -0.4586259514964227    0.012557982195332162
1964-02-01    -0.5213106899641602    -0.658270009356635    0.13695931939247485
1964-03-01    -0.6344846827957014    -0.6894746645179244    0.054989981722223025
1964-04-01    -1.09116933691757    -0.9711963113673896    0.1199730255501803
1964-05-01    -0.8887849086021582    -0.8696467973888918    0.019138111213266362
1964-06-01    -0.710116093189967    -0.7004595902276054    0.009656502962361646
1964-07-01    -0.3388411505376396    -0.505611440292117    0.16677028975447744
1964-08-01    -0.531149161290319    -0.5577634008369183    0.02661423954659936
1964-09-01    -0.7822492885304619    -0.6233928159480301    0.15885647258243185
1964-10-01    -0.4946638046594884    -0.5521123185430143    0.05744851388352595
1964-11-01    -0.3676180465949876    -0.38544102844265665    0.01782298184766906
1964-12-01    -0.1736793781362031    -0.2881224892132625    0.1144431110770594
1965-01-01    -0.6813137114695316    -0.5321804235645134    0.14913328790501812
1965-02-01    -0.1832372455197166    -0.3224360711379931    0.1391988256182765
1965-03-01    -0.4694771272401397    -0.3220808508010765    0.14739627643906317
1965-04-01    -0.69057333691757    -0.38374361736380147    0.3068297195537685
1965-05-01    -0.4283997974910463    -0.4286195629623677    0.00021976547132140922
1965-06-01    -0.5537527598566321    -0.46218029917741976    0.09157246067921232
1965-07-01    -0.2120259283154197    -0.3108587793853085    0.09883285106988879
1965-08-01    -0.2381589390681    -0.2512214905824386    0.013062551514338577
1965-09-01    -0.291664844086025    -0.25475017995161714    0.03691466413440786
1965-10-01    -0.0031580268817137    -0.1294519907759905    0.1262939638942768
1965-11-01    0.1673747311827895    0.025040613614690788    0.14233411756809872
1965-12-01    -0.1378706003584255    -0.07204723617025374    0.06582336418817175
1966-01-01    -0.107323711469526    -0.16005581122400994    0.05273209975448394
1966-02-01    -0.7219729121863878    -0.48200640718100785    0.23996650500537997
1966-03-01    -0.5303232383512544    -0.49687366848208453    0.03344956986916986
1966-04-01    -0.2907938924731219    -0.3670120394068191    0.07621814693369722
1966-05-01    -0.3305436863799365    -0.31982545911649657    0.010718227263439906
1966-06-01    -0.3195954265233034    -0.27947811305914677    0.040117313464156645
1966-07-01    -0.1534654838709706    -0.19997184430645595    0.04650636043548537
1966-08-01    -0.1231772724014277    -0.16975396436917206    0.04657669196774436
1966-09-01    -0.3321355107526891    -0.2712003341146946    0.060935176637994526
1966-10-01    -0.1758248046594879    -0.22742770743368518    0.05160290277419727
1966-11-01    -0.2772792688172103    -0.26067892403584403    0.016600344781366294
1966-12-01    -0.2280857114695358    -0.2635894228924734    0.035503711422937595
1967-01-01    -0.2971973781361967    -0.4246711948637959    0.12747381672759922
1967-02-01    -0.715674689964164    -0.6649720510537668    0.05070263891039717
1967-03-01    -0.8529785716845879    -0.791807742086025    0.061170829598562904
1967-04-01    -0.7530862258064488    -0.7542543932939052    0.0011681674874564063
1967-05-01    -0.7150025752688265    -0.7022804883046696    0.012722086964156887
1967-06-01    -0.3805189820788612    -0.4864884437132671    0.1059694616344059
1967-07-01    -0.5146731505376394    -0.5270763096595034    0.01240315912186396
1967-08-01    -0.6437284946236517    -0.6041480236738325    0.0395804709498192
1967-09-01    -0.5547592885304695    -0.6005341282795716    0.045774839749102125
1967-10-01    -0.7451606935483781    -0.6875814297526817    0.057579263795696445
1967-11-01    -0.6261154910394318    -0.6558999828996439    0.029784491860212148
1967-12-01    -0.6553824892473159    -0.691532741612905    0.03615025236558911
1968-01-01    -0.7767843781361954    -0.7259826837777773    0.05080169435841808
1968-02-01    -0.6045705788530533    -0.6840208479784945    0.07945026912544118
1968-03-01    -1.2419436827957    -1.0196356452329738    0.2223080375627262
1968-04-01    -0.6344908924731207    -0.8215523657240167    0.18706147325089595
1968-05-01    -1.0808631308243797    -0.9553095960788529    0.12555353474552677
1968-06-01    -0.8517602043010832    -0.8289955667634418    0.022764637537641463
1968-07-01    -0.6091175949820844    -0.6396009882150557    0.030483393232971334
1968-08-01    -0.4200378279569889    -0.4834173809318946    0.06337955297490572
1968-09-01    -0.5911616218637938    -0.4971428177347602    0.09401880412903363
1968-10-01    -0.1993768046594937    -0.3046619505842257    0.10528514592473198
1968-11-01    -0.3475417132616556    -0.3320749218745522    0.01546679138710344
1968-12-01    -0.494975155913977    -0.39806734599641425    0.09690780991756276
1969-01-01    -0.1832759336917533    -0.2374603113333294    0.054184377641576104
1969-02-01    0.2399288655913913    0.10152718946236124    0.13840167612903004
1969-03-01    0.0972606505376383    0.09817558215770578    0.0009149316200674773
1969-04-01    0.0653154408602105    0.06940315712186464    0.004087716261654134
1969-05-01    0.0362657580645127    0.03476488150895858    0.0015008765555541217
1969-06-01    0.0121262401433668    -0.047752020114698916    0.05987826025806572
1969-07-01    -0.1453705949820865    -0.13932046643190188    0.006050128550184608
1969-08-01    -0.1452067168458697    -0.1499171217401391    0.00471040489426941
1969-09-01    -0.1943686218638021    -0.17763051290501816    0.016738108958783943
1969-10-01    -0.269919915770604    -0.1783304749802896    0.09158944079031439
1969-11-01    -0.1699607132616556    -0.15760499250717291    0.012355720754482685
1969-12-01    -0.0391544892473163    -0.081413986482083    0.042259497234766706
1970-01-01    0.0370599551971366    -0.024770426186378872    0.06183038138351547
1970-02-01    -0.0576930232974959    -0.10296979175985876    0.045276768462362865
1970-03-01    -0.382862238351251    -0.26902973756093046    0.11383250079032053
1970-04-01    -0.2142058924731174    -0.22494093118100447    0.010735038707887085
1970-05-01    -0.1941111308243819    -0.1938932022580705    0.0002179285663113928
1970-06-01    -0.1180092043010816    -0.1828468487634456    0.064837644462364
1970-07-01    -0.3761055949820857    -0.3244023276415787    0.05170326734050695
1970-08-01    -0.4157150501792088    -0.3634186729068071    0.05229637727240166
1970-09-01    -0.2438833996415716    -0.24525787084587417    0.001374471204302563
1970-10-01    -0.077499582437273    -0.17206365497849202    0.09456407254121901
1970-11-01    -0.346381157706098    -0.27732409825089954    0.06905705945519847
1970-12-01    -0.1509836003584261    -0.2189785998638021    0.06799499950537602
1971-01-01    -0.2293237114695294    -0.25380708918279465    0.024483377713265253
1971-02-01    -0.300245801075274    -0.28817386458960925    0.012071936485664736
1971-03-01    -0.3200923494623637    -0.32574824159318744    0.005655892130823736
1971-04-01    -0.385223892473121    -0.3757922337401418    0.009431658732979187
1971-05-01    -0.7054816863799367    -0.5660430212526901    0.13943866512724656
1971-06-01    -0.296600537634422    -0.39370883081541946    0.09710829318099745
1971-07-01    -0.3806161505376408    -0.39132413433512836    0.010707983797487552
1971-08-01    -0.5095307168458802    -0.42797862341039433    0.08155209343548592
1971-09-01    -0.5204498440860199    -0.47066099943548223    0.04978884465053768
1971-10-01    -0.6677814713261583    -0.4527273575286743    0.21505411379748396
1971-11-01    -0.4486817132616529    -0.4171637512706134    0.03151796199103951
1971-12-01    -0.3662241559139794    -0.37867559901971615    0.01245144310573676
1972-01-01    -0.3221540448028612    -0.3360785413530431    0.013924496550181908
1972-02-01    -0.2519289121863899    -0.26037495797849786    0.008446045792107948
1972-03-01    -0.0994426827957006    -0.16281094578494862    0.06336826298924803
1972-04-01    -0.2020694480286806    -0.1938803566057403    0.008189091422940303
1972-05-01    -0.3021910197132698    -0.24021789951255113    0.06197312020071866
1972-06-01    -0.0968035376344182    -0.10490411400717563    0.008100576372757434
1972-07-01    0.1352224050179202    0.02777495689963775    0.10744744811828247
1972-08-01    0.0324938387096871    0.06748810188530435    0.034994263175617255
1972-09-01    0.0391854892473162    0.11065381710394476    0.07146832785662856
1972-10-01    0.2346460842293929    0.11055357496416016    0.12409250926523274
1972-11-01    0.3952062867383503    0.22046799208602025    0.17473829465233004
1972-12-01    -0.1256228225806452    0.014604011648745367    0.14022683422939056
1973-01-01    -0.0034114892473056    -0.007266523982076535    0.0038550347347709353
1973-02-01    0.1271673100358299    0.010323789250897632    0.11684352078493226
1973-03-01    0.3669257616487478    0.011947547724014924    0.3549782139247329
1973-04-01    -0.1097773369175669    0.049953907921140225    0.15973124483870713
1973-05-01    0.0395480913978403    0.05845563745877422    0.018907546060933915
1973-06-01    0.0952605734766969    0.08757502669175014    0.007685546784946762
1973-07-01    0.1502667383512488    0.1311061353870927    0.019160602964156087
1973-08-01    0.1922413942652383    0.14298754856631057    0.04925384569892774
1973-09-01    0.0083864892473179    0.03747524601792501    0.029088756770607113
1973-10-01    0.0422335286738331    0.018320151301075064    0.023913377372758036
1973-11-01    0.1189958422939021    -0.021499075869178885    0.140494918163081
1973-12-01    -0.360977711469534    -0.37640033001971246    0.015422618550178457
1974-01-01    -0.6676333781361983    -0.6041046117974933    0.06352876633870497
1974-02-01    -0.8478381344086081    -0.7682995587293986    0.07953857567920952
1974-03-01    -0.8065242383512512    -0.7774781658297465    0.029046072521504707
1974-04-01    -0.7825796702509003    -0.758256961137999    0.024322709112901242
1974-05-01    -0.8284894641577161    -0.7285734466881787    0.09991601746953738
1974-06-01    -0.4238383154121941    -0.621892124817212    0.19805380940501793
1974-07-01    -0.69954015053764    -0.583564407415778    0.11597574312186198
1974-08-01    -0.306236050179212    -0.40773061178853437    0.10149456160932235
1974-09-01    -0.5427523996415786    -0.4451570341433723    0.0975953654982063
1974-10-01    -0.2403303602150508    -0.32566193772042906    0.08533157750537826
1974-11-01    -0.3851924910394331    -0.3811643490573539    0.004028141982079181
1974-12-01    -0.5598260448028753    -0.4789833924552066    0.08084265234766874
1975-01-01    -0.2863991559139762    -0.35163378072042983    0.06523462480645364
1975-02-01    -0.251418356630829    -0.4034556015967717    0.15203724496594268
1975-03-01    -0.4172460161290274    -0.3555590442025031    0.06168697192652428
1975-04-01    -0.0554875591397845    -0.20798348669354583    0.15249592755376132
1975-05-01    -0.7170664641577105    -0.373614633001795    0.3434518311559155
1975-06-01    -0.5080026487455243    -0.521258075801082    0.013255427055557711
1975-07-01    -0.7398562616487503    -0.6389254356720473    0.100930825976703
1975-08-01    -0.4424942724014293    -0.5217676000734766    0.07927332767204726
1975-09-01    -0.6694206218638001    -0.5913674792921135    0.0780531425716866
1975-10-01    -0.2316345824372696    -0.49021307240322504    0.25857848996595545
1975-11-01    -0.2597367132616561    -0.3767074482777804    0.11697073501612432
1975-12-01    -0.8299508225806527    -0.5215573312741955    0.3083934913064572
1976-01-01    -0.5809116003584194    -0.5693609780161334    0.011550622342285988
1976-02-01    -0.8196941344086106    -0.6986350636792212    0.12105907072938937
1976-03-01    -0.8202475716845861    -0.6699929198369242    0.15025465184766185
1976-04-01    -0.6480005591397848    -0.5828532679551983    0.06514729118458651
1976-05-01    -0.2775770197132701    -0.4919218071129025    0.21434478739963242
1976-06-01    -0.2891024265233035    -0.3374508469784964    0.04834842045519294
1976-07-01    -0.3548455949820805    -0.35080643755555463    0.004039157426525886
1976-08-01    -0.38349638351254    -0.3696931079139767    0.013803275598563314
1976-09-01    -0.1259926218637943    -0.3780286319641561    0.2520360101003618
1976-10-01    -0.7246934713261588    -0.44769932981362165    0.27699414151253715
1976-11-01    -0.4649233799283188    -0.44415596645519934    0.020767413473119445
1976-12-01    -0.2280050448028703    -0.3374760649426555    0.10947102013978519
1977-01-01    -0.5999952670250863    -0.3739534564444481    0.2260418105806382
1977-02-01    -0.6368496899641656    -0.5119964901899682    0.1248531997741974
1977-03-01    -0.1468899050179182    -0.38947818188889444    0.24258827687097623
1977-04-01    -0.164643003584235    -0.24557218740143777    0.08092918381720277
1977-05-01    -0.3694526863799368    -0.3485585270573528    0.020894159322583983
1977-06-01    -0.4308752043010777    -0.4094985489677467    0.021376655333330996
1977-07-01    -0.3949331505376392    -0.4005924891362049    0.005659338598565655
1977-08-01    -0.186852827956983    -0.2671763201935458    0.08032349223656282
1977-09-01    -0.1021361774193501    -0.23138863439426113    0.12925245697491103
1977-10-01    -0.2713838046594929    -0.16888340782078753    0.10250039683870538
1977-11-01    0.1019406200716765    -0.013639481720434547    0.11558010179211103
1977-12-01    -0.15281404480287    -0.09323153187813908    0.05958251292473092
1978-01-01    -0.1281670448028649    -0.1421402958207869    0.013973251017922017
1978-02-01    -0.1089454677419361    -0.17193517496415642    0.06298970722222032
1978-03-01    -0.575161571684589    -0.40764982605376365    0.16751174563082538
1978-04-01    -0.1954562258064598    -0.4252235514408617    0.22976732563440191
1978-05-01    -0.1843043530465991    -0.2448349677419386    0.06053061469533952
1978-06-01    -0.3162859820788561    -0.2904593444623671    0.025826637616489012
1978-07-01    -0.2882559283154187    -0.307857970279574    0.019602041964155326
1978-08-01    -0.4023122724014314    -0.36143213725806594    0.04088013514336547
1978-09-01    -0.585482844086016    -0.38758083924731446    0.19790200483870157
1978-10-01    -0.3677074713261632    -0.4532289541147027    0.0855214827885395
1978-11-01    -0.428740268817215    -0.44032382822581395    0.011583559408598953
1978-12-01    -0.6772194892473138    -0.5348040310681018    0.14241545817921197
1979-01-01    -0.058017600358422    -0.1209800060143379    0.0629624056559159
1979-02-01    -0.132908356630832    -0.10276992358423473    0.030138433046597274
1979-03-01    -0.0478764605734802    -0.047967654709681916    9.11941362017124e-05
1979-04-01    0.2084108853046551    0.07369522353046097    0.13471566177419414
1979-05-01    -0.253249353046602    -0.10925024837634967    0.14399910467025234
1979-06-01    -0.4067665376344145    -0.2049800169498244    0.2017865206845901
1979-07-01    -0.230206817204305    -0.21744888597849563    0.012757931225809371
1979-08-01    -0.1841566057347634    -0.20090819706809696    0.016751591333333565
1979-09-01    -0.2387938440860182    -0.2241680501075236    0.014625793978494589
1979-10-01    -0.173401360215049    -0.20772122262723702    0.03431986241218801
1979-11-01    -0.3813412688172057    -0.2856446290716853    0.0956966397455204
1979-12-01    -0.1226099336917556    -0.30729793742294037    0.18468800373118477
1980-01-01    -0.0844753781361973    -0.22709303987634039    0.1426176617401431
1980-02-01    -0.6980425788530518    -0.45942003284409066    0.2386225460089611
1980-03-01    -0.5569036827956992    -0.3460706747741969    0.21083300802150234
1980-04-01    -0.0246135591397873    -0.18612697341218662    0.16151341427239932
1980-05-01    0.0142252025089568    -0.05436744966308532    0.06859265217204212
1980-06-01    0.0423785734766966    -0.04674943710753053    0.08912801058422713
1980-07-01    -0.0156291505376415    -0.021072508831545045    0.005443358293903546
1980-08-01    0.0439667275985691    0.015146519985664242    0.02882020761290486
1980-09-01    -0.0037898440860182    -0.06512233625089359    0.061332492164875387
1980-10-01    -0.231210026881719    -0.21362574894981726    0.01758427793190173
1980-11-01    -0.4713006021505421    -0.37749005130465757    0.09381055084588452
1980-12-01    -0.3282500448028713    -0.3950859942293876    0.06683594942651633
1981-01-01    -0.4013172670250817    -0.3824214804551934    0.018895786569888273
1981-02-01    -0.2405908010752746    -0.23922094831899676    0.0013698527562778506
1981-03-01    -0.2667021272401371    -0.26164540796236174    0.005056719277775346
1981-04-01    -0.1142643369175679    -0.2514539110698888    0.1371895741523209
1981-05-01    -0.3027694641577163    -0.15231525254301334    0.15045421161470293
1981-06-01    -0.086700648745527    -0.15563688627061156    0.06893623752508456
1981-07-01    -0.2204607060932026    -0.14939152037097045    0.07106918572223214
1981-08-01    -0.2661013835125452    -0.23735837698745302    0.02874300652509218
1981-09-01    -0.3242701774193506    -0.24288761655734437    0.08138256086200624
1981-10-01    -0.113821582437275    -0.15434118937275867    0.040519606935483676
1981-11-01    -0.0592031577060971    -0.10857184044803034    0.04936868274193324
1981-12-01    -0.2092603781362036    -0.14433690047670492    0.06492347765949869
1982-01-01    -0.2560586003584184    -0.3003764364193581    0.0443178360609397
1982-02-01    -0.535581912186391    -0.3533021377276023    0.18227977445878868
1982-03-01    -0.0732900161290288    -0.14491309299999988    0.07162307687097108
1982-04-01    -0.1405222258064569    -0.15777730324373063    0.017255077437273725
1982-05-01    -0.2689295752688245    -0.1313526426666706    0.1375769326021539
1982-06-01    -0.0902269820788568    -0.11174858263799774    0.021521600559140944
1982-07-01    -0.0913492616487516    -0.11395540600000342    0.022606144351251828
1982-08-01    -0.1626321612903218    -0.1479968708709669    0.01463529041935488
1982-09-01    -0.1248868440860206    -0.2062457363476683    0.08135889226164769
1982-10-01    -0.5128548046594901    -0.38903470384766625    0.12382010081182382
1982-11-01    -0.2608418243727648    -0.284665950252689    0.023824125879924163
1982-12-01    -0.0829081559139872    -0.046833623367389464    0.03607453254659774
1983-01-01    0.4541003996415824    0.2982649417186378    0.15583545792294456
1983-02-01    0.1138743100358361    0.22818679818458493    0.11431248814874882
1983-03-01    0.2664170949820814    0.31939136728135964    0.05297427229927826
1983-04-01    0.6221279964157667    0.4954848249121838    0.12664317150358284
1983-05-01    0.585152313620064    0.5341985196254393    0.05095379399462474
1983-06-01    0.4453215734766971    0.4507170764820698    0.005395503005372726
1983-07-01    0.2776038494623627    0.3430944833960538    0.06549063393369109
1983-08-01    0.1550262831541218    0.2887704168620049    0.13374413370788307
1983-09-01    0.1941249336917607    -0.053393438553761344    0.24751837224552203
1983-10-01    -0.2223658046594927    -0.16683890955017586    0.055526895109316854
1983-11-01    0.001512508960566    -0.17255779730644827    0.17407030626701428
1983-12-01    -0.1569381559139842    -0.10427038513082804    0.052667770783156154
1984-01-01    -0.1125601559139752    -0.027225342274193678    0.08533481363978151
1984-02-01    0.2075185322580566    0.10828753214157295    0.09923100011648366
1984-03-01    0.0872222060931946    0.014656229127241608    0.07256597696595299
1984-04-01    -0.428482559139784    -0.30667240948924573    0.12181014965053827
1984-05-01    -0.4437105752688239    -0.37439410448925053    0.06931647077957337
1984-06-01    -0.1008369820788566    -0.34272978795162046    0.24189280587276385
1984-07-01    -0.1285258172043129    -0.1257438039265315    0.002782013277781381
1984-08-01    0.0218092831541198    -0.04124695019892893    0.06305623335304873
1984-09-01    -0.0235797329749125    -0.04482528219175732    0.02124554921684482
1984-10-01    -0.1039569157706061    -0.07452820587992848    0.029428709890677626
1984-11-01    -0.0710488243727667    -0.06738080079570306    0.0036680235770636394
1984-12-01    0.2288458440860132    0.06818027059139102    0.16066557349462218
1985-01-01    -0.1198376003584194    -0.2999438649408651    0.18010626458244572
1985-02-01    -0.6310420232974927    -0.5519153014928304    0.07912672180466229
1985-03-01    -0.3712516827957017    -0.4735028352849486    0.10225115248924688
1985-04-01    -0.799145559139788    -0.6645212247078864    0.13462433443190158
1985-05-01    -0.3748484641577185    -0.6626764156863819    0.2878279515286634
1985-06-01    -0.1684735376344193    -0.5576809012240204    0.38920736358960106
1985-07-01    -0.5483754838709736    -0.4639603841344129    0.0844150997365607
1985-08-01    -0.3194978279569866    -0.3642295192240119    0.04473169126702531
1985-09-01    -0.2597982885304652    -0.25639085639605413    0.0034074321344110814
1985-10-01    -0.0663498046594988    -0.15189635722042985    0.08554655256093105
1985-11-01    -0.2654864910394323    -0.2761272422813639    0.010640751241931645
1985-12-01    -0.90432971146954    -0.665179460109321    0.23915025136021895
1986-01-01    -0.3449286003584255    -0.451469798557352    0.10654119819892649
1986-02-01    -0.522058467741946    -0.4841323273279632    0.03792614041398279
1986-03-01    -0.7928546827956993    -0.46590411999104436    0.3269505628046549
1986-04-01    -0.3948887813620132    -0.4291872298476728    0.034298448485659605
1986-05-01    -0.0463504641577188    -0.4032857036505385    0.3569352394928197
1986-06-01    -0.4292587598566335    -0.38817493757885335    0.041083822277780124
1986-07-01    -0.202016261648751    -0.29374162442831836    0.09172536277956736
1986-08-01    -0.151562050179205    -0.30340014819892636    0.15183809801972137
1986-09-01    -0.33418673297491    -0.42911320126702324    0.09492646829211326
1986-10-01    -0.4894148046594928    -0.4797025646899631    0.00971223996952969
1986-11-01    -0.5643350465949872    -0.48221730299104054    0.08211774360394669
1986-12-01    -0.331372378136205    -0.3765345784390706    0.04516220030286561
1987-01-01    -0.0709652670250839    -0.2605150562473176    0.18954978922223367
1987-02-01    0.028378643369173    -0.055091826129033496    0.0834704694982065
1987-03-01    -0.0956847939068055    -0.08237630276702343    0.013308491139782067
1987-04-01    0.2603467741935432    -0.008591027853045214    0.2689378020465884
1987-05-01    0.6516976469534015    0.24367142814695147    0.40802621880645
1987-06-01    0.3409836845878082    0.36990598729748386    0.028922302709675662
1987-07-01    0.5851687383512427    0.49347351594264033    0.0916952224086024
1987-08-01    0.6344173942652382    0.5295244838243632    0.10489291044087501
1987-09-01    0.5364163781362059    0.4757088604229446    0.06070751771326133
1987-10-01    0.2437085286738423    0.3659656884121901    0.12225715973834783
1987-11-01    0.5773988422939063    0.5131594989498247    0.06423934334408155
1987-12-01    0.6383449551971339    0.5796439686559167    0.05870098654121714
1988-01-01    0.4041646218638028    0.4610450712508966    0.0568804493870938
1988-02-01    0.5935344211469449    0.5154129173548363    0.07812150379210858
1988-03-01    0.4303829838709703    0.40941579665949746    0.020967187211472837
1988-04-01    0.1448059964157657    0.2251863401254453    0.08038034370967961
1988-05-01    0.2794086469533994    0.22844968608243293    0.05095896087096646
1988-06-01    0.1235187956989243    0.1300635130430081    0.006544717344083795
1988-07-01    -0.1491658172043024    -0.1286508926415763    0.020514924562726078
1988-08-01    -0.2525199390680974    -0.1971082407240115    0.05541169834408588
1988-09-01    -0.0912622885304692    -0.11325254060931879    0.021990252078849595
1988-10-01    -0.0160025824372702    -0.05678666813261378    0.04078408569534358
1988-11-01    -0.119317602150538    -0.12755556590680903    0.008237963756271033
1988-12-01    -0.5158120448028711    -0.3382821975806498    0.17752984722222132
1989-01-01    -0.2092508225806426    -0.2038705545017981    0.00538026807884448
1989-02-01    0.1792700878136095    0.05965365754479845    0.11961643026881105
1989-03-01    0.0956673172043096    0.0031525804552004827    0.09251473674910912
1989-04-01    -0.5149780035842291    -0.37524010443727557    0.1397378991469535
1989-05-01    -0.3516695752688257    -0.34204457904301744    0.009624996225808258
1989-06-01    -0.1128517598566354    -0.16128095168459286    0.04842919182795746
1989-07-01    -0.1869737060931982    -0.1498675035304717    0.03710620256272648
1989-08-01    -0.0283369390680974    -0.04975650226881764    0.02141956320072024
1989-09-01    0.2329993781362027    0.15030716868817218    0.08269220944803052
1989-10-01    0.121757306451613    0.10425304979211503    0.01750425665949798
1989-11-01    0.1420128422939015    -0.22851403547311624    0.37052687776701776
1989-12-01    -0.4370446003584227    -0.2590948854085989    0.1779497149498238
1990-01-01    -0.1015756003584158    -0.09529653314336421    0.006279067215051587
1990-02-01    0.0356891989247181    0.039575059508966    0.003885860584247898
1990-03-01    0.357213094982086    0.3134957865914005    0.043717308390685494
1990-04-01    0.3508607741935456    0.327492154222219    0.02336861997132661
1990-05-01    0.3111062025089524    0.30245411960572777    0.008652082903224612
1990-06-01    0.2118580179211378    0.21956593001074573    0.007707912089607943
1990-07-01    0.0278132939068029    0.0810834293906749    0.053270135483871994
1990-08-01    0.0873922831541271    0.05202659260932184    0.03536569054480526
1990-09-01    -0.0235278440860184    -0.007321203064512758    0.016206641021505642
1990-10-01    -0.1395198046594892    -0.09361001464157179    0.04590979001791742
1990-11-01    -0.0597338243727669    -0.06102930150179401    0.0012954771290271117
1990-12-01    0.0688580663082447    0.037361127698923885    0.03149693860932082
1991-01-01    0.0058123996415773    0.04505597805734635    0.03924357841576905
1991-02-01    0.266902198924722    0.1616897392042956    0.1052124597204264
1991-03-01    -0.0358145716845896    0.044096445974905925    0.07991101765949551
1991-04-01    0.0070683297490958    -0.010364722075275914    0.017433051824371715
1991-05-01    -0.1014515752688289    -0.05846045784230373    0.04299111742652518
1991-06-01    0.0582146845878064    -0.004484862688179691    0.06269954727598609
1991-07-01    -0.1738970394265244    -0.11735999617562992    0.05653704325089448
1991-08-01    -0.4522779390681002    -0.1484810236774212    0.303796915390679
1991-09-01    -0.2718528440860162    -0.42328175644444643    0.15142891235843026
1991-10-01    -0.6700299157706091    -0.377269292154124    0.2927606236164851
1991-11-01    -0.4400700465949896    -0.28171696486380254    0.15835308173118706
1991-12-01    0.0749081774193527    -0.003827012465951567    0.07873518988530427
1992-01-01    0.098396732974912    -0.06390072674910514    0.16229745972401716
1992-02-01    -0.5560466899641661    -0.3850052714265298    0.17104141853763627
1992-03-01    -0.3271181272401406    -0.24077323025448064    0.08634489698565997
1992-04-01    0.2311532186379885    0.05158582994264961    0.1795673886953389
1992-05-01    0.3854174247311768    0.2603817946702436    0.1250356300609332
1992-06-01    -0.0046082043010819    0.04924525410393622    0.05385345840501812
1992-07-01    -0.0839140394265314    -0.06369849008961245    0.02021554933691895
1992-08-01    -0.1150890501792112    -0.1144597440573479    0.0006293061218632934
1992-09-01    -0.1919297329749092    -0.1783338124731168    0.013595920501792397
1992-10-01    -0.2503774713261606    -0.21350732529390415    0.03687014603225647
1992-11-01    -0.3526380465949863    -0.15298502330465852    0.1996530232903278
1992-12-01    -0.0236677114695389    0.003100598530463431    0.026768310000002328
1993-01-01    0.0502673996415801    0.08271181423297448    0.03244441459139438
1993-02-01    0.2145628655913896    0.18935893046952865    0.02520393512186095
1993-03-01    0.2413146505376318    0.23951085129748667    0.0018037992401451208
1993-04-01    0.3678355519713179    0.33899180619712616    0.028843745774191742
1993-05-01    0.3732504247311716    0.3587984593154032    0.014451965415768375
1993-06-01    0.3299049068100359    0.33914284941577016    0.00923794260573424
1993-07-01    0.3364367383512459    0.3395425337992753    0.0031057954480294137
1993-08-01    0.3652038387096787    0.3649066610645128    0.0002971776451659025
1993-09-01    0.4485986003584266    0.410550931562724    0.038047668795702594
1993-10-01    0.3254001953405101    0.30665231717562874    0.018747878164881382
1993-11-01    0.1354236200716769    0.20960563827239767    0.07418201820072076
1993-12-01    0.3966305107526899    0.30368482189963864    0.09294568885305127
1994-01-01    0.1641395107526868    0.21948815562365434    0.05534864487096755
1994-02-01    0.0861940878136096    0.12728485336199935    0.04109076554838975
1994-03-01    0.0541502060931904    -0.01466669762008105    0.06881690371327145
1994-04-01    -0.1974503369175728    -0.14069194782438074    0.05675838909319206
1994-05-01    -0.1321571308243783    -0.14314772658423683    0.010990595759858529
1994-06-01    -0.1804852043010854    -0.15491411360215881    0.025571090698926574
1994-07-01    -0.1165271505376424    -0.11768690331900263    0.0011597527813602265
1994-08-01    -0.081560605734765    -0.09978815891756473    0.01822755318279974
1994-09-01    -0.1120909551971323    -0.09229572029032446    0.019795234906807846
1994-10-01    -0.127651137992828    -0.09013472913620683    0.03751640885662118
1994-11-01    -0.1092982688172128    -0.07924040809678061    0.030057860720432192
1994-12-01    -0.0522270448028727    -0.054710656713267324    0.0024836119103946244
1995-01-01    0.03655051075269    0.013020822268815653    0.02352968848387435
1995-02-01    0.0855466433691631    0.1242290332867301    0.038682389917567006
1995-03-01    0.4301760949820767    0.29880616484228706    0.13136993013978965
1995-04-01    -0.0489846702509026    0.2918587453297428    0.3408434155806454
1995-05-01    0.0275097580645109    0.05859700617920582    0.031087248114694918
1995-06-01    0.0293726845878055    0.02818778787812982    0.0011848967096756771
1995-07-01    0.0044138494623595    0.012150336752683129    0.007736487290323629
1995-08-01    0.0317571720430187    0.01010388966308659    0.02165328237993211
1995-09-01    -0.1045868440860182    -0.06708348736558807    0.037503356720430134
1995-10-01    -0.0584389157705977    -0.1953181067741922    0.1368791910035945
1995-11-01    -0.5922890465949919    -0.360639771939077    0.23164927465591495
1995-12-01    0.0275348440860163    -0.12070913929391328    0.14824398337992958
1996-01-01    -0.013833155913975    0.04054036270250815    0.05437351861648315
1996-02-01    0.2963787544802763    0.17813675605017232    0.11824199843010397
1996-03-01    0.0639660949820779    0.08490054105376009    0.020934446071682183
1996-04-01    -0.2067114480286775    -0.1000577291971367    0.1066537188315408
1996-05-01    0.0485930913978371    -0.007446079501801805    0.056039170899638904
1996-06-01    -0.0272999820788619    -0.01240107287097701    0.01489890920788489
1996-07-01    -0.0229088172043105    -0.016135135609327684    0.006773681594982817
1996-08-01    0.0296905053763403    -0.007297119369180753    0.03698762474552106
1996-09-01    0.0359673781362062    0.01365706664874871    0.02231031148745749
1996-10-01    -0.0289453602150508    -0.017153476573474602    0.011791883641576198
1996-11-01    -0.112334713261653    -0.05673415141218869    0.055600561849464304
1996-12-01    0.2687066218637959    0.13306648172759597    0.13564014013619993
1997-01-01    0.1734906218638023    0.051163558863794235    0.12232706300000806
1997-02-01    -0.0837879121863878    -0.07226627515412681    0.011521637032260987
1997-03-01    -0.0587067939068077    -0.08427182142652438    0.025565027519716683
1997-04-01    -0.2976682258064578    -0.2338372817849529    0.06383094402150491
1997-05-01    -0.3333113530466072    -0.28288015095341706    0.05043120209319013
1997-06-01    0.0814206845878082    -0.040793659322588036    0.12221434391039623
1997-07-01    0.0074061827956874    5.045323296563234e-05    0.007355729562721768
1997-08-01    -0.0674688279569828    0.09896461578494195    0.16643344374192476
1997-09-01    0.1929747114695388    0.20300285925089723    0.010028147781358437
1997-10-01    0.2476761953405102    0.2421638894444466    0.00551230589606358
1997-11-01    0.209344953405008    0.2513491982473062    0.04200424484229823
1997-12-01    0.4764135107526854    0.4215650755770542    0.054848435175631205
1998-01-01    0.6096841774193607    0.6142934254265215    0.004609248007160893
1998-02-01    1.3866650878136149    1.1433675240430135    0.2432975637706014
1998-03-01    1.1423606505376362    1.153136616035838    0.010775965498201812
1998-04-01    1.283368885304661    1.1802396764014271    0.10312920890323385
1998-05-01    1.0991512025089527    1.0561722284551889    0.04297897405376383
1998-06-01    0.6986302401433626    0.8218437025878041    0.12321346244444153
1998-07-01    0.6152454050179195    0.6650279131863726    0.04978250816845309
1998-08-01    0.4847668387096782    0.5020791595698894    0.017312320860211172
1998-09-01    0.4924396003584235    0.48177882148028395    0.010660778878139543
1998-10-01    0.4261758620071774    0.41992836093190006    0.0062475010752773286
1998-11-01    0.3499936200716753    0.37151461146594367    0.021520991394268385
1998-12-01    0.3048970663082393    0.30573894471325647    0.0008418784050171491
1999-01-01    0.2540688440860243    0.24041615923655596    0.013652684849468355
1999-02-01    0.174234087813609    0.17274475676701745    0.0014893310465915466
1999-03-01    0.0742514283154172    0.09642330186021664    0.022171873544799436
1999-04-01    0.074903107526886    0.06227931449821022    0.012623793028675785
1999-05-01    -0.2368477974910448    -0.08374160725448365    0.15310619023656113
1999-06-01    0.2404316845878078    0.1230303240824309    0.1174013605053769
1999-07-01    0.1444786272401366    0.13374668404658852    0.010731943193548088
1999-08-01    -0.0683870501792078    -0.0025207972867381167    0.0658662528924697
1999-09-01    0.0412404892473183    -0.12203773498207625    0.16327822422939456
1999-10-01    -0.2404390268817167    -0.19413402405017827    0.04630500283153843
1999-11-01    -0.1549003799283212    -0.177135359369178    0.02223497944085681
1999-12-01    -0.1091561559139826    -0.17715720317204292    0.06800104725806032
2000-01-01    -0.188230822580639    -0.19490484082078363    0.00667401824014463
2000-02-01    -0.2532633566308284    -0.2241446043727592    0.029118752258069175
2000-03-01    -0.0643366827957017    -0.12410714022580806    0.05977045743010635
2000-04-01    -0.2324393369175688    -0.16393456268817522    0.06850477422939358
2000-05-01    0.0604202025089541    -0.13720857162724473    0.19762877413619884
2000-06-01    -0.020379982078861    -0.057824367792120225    0.037444385713259226
2000-07-01    -0.2005902616487525    -0.053749849989248456    0.14684041165950404
2000-08-01    -0.0520271612903187    -0.06998376453404784    0.017956603243729136
2000-09-01    -0.1646810663082405    -0.10833252068458578    0.056348545623654725
2000-10-01    0.0333393064516229    -0.07043128402688227    0.10377059047850518
2000-11-01    0.0170289534050134    -0.049389757306455014    0.06641871071146842
2000-12-01    -0.2269928225806481    -0.14144627389068393    0.08554654868996417
2001-01-01    -0.2078691559139791    -0.12736602935125513    0.08050312656272396
2001-02-01    0.1317135322580611    0.0428996290447995    0.0888139032132616
2001-03-01    0.0364427616487397    0.025564936700711968    0.01087782494802773
2001-04-01    -0.2088058924731228    -0.06754343627061385    0.14126245620250896
2001-05-01    0.4993589802867326    0.26633968870429475    0.23301929158243784
2001-06-01    -0.0904583154121922    0.23824944703763032    0.3287077624498225
2001-07-01    0.1193744050179184    0.052755918901434405    0.066618486116484
2001-08-01    -0.0633092724014297    0.010005198288532633    0.07331447068996233
2001-09-01    0.0104593781362005    0.008064284826166966    0.0023950933100335345
2001-10-01    0.0237940842293937    0.03638498624552154    0.012590902016127843
2001-11-01    0.1118759534050077    0.0507800402491049    0.06109591315590279
2001-12-01    0.219645510752688    0.09189249198745486    0.12775301876523315
2002-01-01    -0.4828120448028627    -0.27410971226343783    0.20870233253942488
2002-02-01    0.1123646433691689    0.036348376629028914    0.07601626674013999
2002-03-01    -0.1197572383512515    -0.047418788399641455    0.07233844995161004
2002-04-01    -0.0083258924731204    0.00708009586917311    0.01540598834229351
2002-05-01    0.176832202508951    0.10735488661110433    0.06947731589784666
2002-06-01    -0.0519827598566315    0.026391698865588765    0.07837445872222026
2002-07-01    0.2228739605734766    0.16011949645698825    0.06275446411648836
2002-08-01    0.1712173942652306    0.1747387114283124    0.003521317163081794
2002-09-01    0.1675324892473142    0.1359833579157714    0.0315491313315428
2002-10-01    0.0136664175627281    0.05686905610215231    0.04320263853942421
2002-11-01    0.0491235089605623    0.0762560874426457    0.0271325784820834
2002-12-01    0.3313881774193525    0.2685054572616443    0.06288272015770818
2003-01-01    0.5985436218638007    0.44771642794623273    0.150827193917568
2003-02-01    0.0569683100358346    0.20969565132974227    0.15272734129390766
2003-03-01    -0.0503076827956974    0.20440686805375752    0.25471455084945493
2003-04-01    0.2563817741935459    0.25985585582795206    0.0034740816344061565
2003-05-01    0.2884866469534017    0.27828154100358016    0.010205105949821547
2003-06-01    0.0969209068100305    0.18046989578852402    0.08354898897849351
2003-07-01    0.3463447383512488    0.2981508707347624    0.04819386761648642
2003-08-01    0.4349232831541272    0.4020436346344077    0.03287964851971953
2003-09-01    0.4224473781361979    0.392544757089605    0.029902621046592914
2003-10-01    0.3282516397849555    0.3114371741684555    0.016814465616499963
2003-11-01    0.2925611756272346    0.2931791662437245    0.0006179906164898719
2003-12-01    0.4322410663082436    0.2408571759498194    0.1913838903584242
2004-01-01    0.0015832885304725    0.035826685412189474    0.03424339688171697
2004-02-01    -0.0392220232974942    0.02223751656272366    0.06145953986021786
2004-03-01    0.3285994283154139    0.27132187083512393    0.05727755748028995
2004-04-01    0.3835847741935438    0.3448954205017852    0.03868935369175863
2004-05-01    0.3525438691756122    0.2945295316809892    0.05801433749462298
2004-06-01    0.0246393512544749    0.10607615958422169    0.08143680832974678
2004-07-01    0.0038305161290281    0.047713604422934784    0.043883088293906684
2004-08-01    0.1581051720430082    0.1322691748243703    0.025835997218637885
2004-09-01    0.1992300448028743    0.21736163526523675    0.018131590462362457
2004-10-01    0.3299429731182854    0.3096949639874557    0.02024800913082969
2004-11-01    0.3120263978494542    0.3398706987401357    0.027844300890681517
2004-12-01    0.4945732885304608    0.4292022634354778    0.06537102509498299
2005-01-01    0.9149625107526907    0.5072569513494567    0.40770555940323405
2005-02-01    0.783651310035836    0.6680424832992821    0.11560882673655393
2005-03-01    0.6317567616487452    0.5908732492562696    0.04088351239247556
2005-04-01    0.5492122186379866    0.4001005166361979    0.14911170200178875
2005-05-01    0.0719687580645072    0.14677944660035167    0.07481068853584447
2005-06-01    0.0876515734766982    0.1177024454390628    0.030050871962364598
2005-07-01    0.2054431827956904    0.1686985350591335    0.03674464773655692
2005-08-01    0.1097448387096804    0.1470870047616485    0.03734216605196809
2005-09-01    0.2171820448028683    0.19973608480465965    0.017445959998208638
2005-10-01    0.2360683064516173    0.2469007986146952    0.010832492163077884
2005-11-01    0.3901488422939003    0.33521034320609    0.05493849908781029
2005-12-01    0.0807075107526849    0.39420937944623324    0.31350186869354835
2006-01-01    0.2764025107526926    0.41344988110214803    0.1370473703494554
2006-02-01    0.551727198924727    0.38014155320967363    0.17158564571505336
2006-03-01    0.4203477616487454    0.32287071967562164    0.09747704197312373
2006-04-01    0.0799284408602076    0.1813762118118201    0.10144777095161249
2006-05-01    0.0917542025089517    0.107143218026874    0.015389015517922308
2006-06-01    0.0392489068100267    0.11506567791934805    0.07581677110932135
2006-07-01    0.2247151827956877    0.16196844418099943    0.06274673861468827
2006-08-01    0.278254394265236    0.24234297689068052    0.0359114173745555
2006-09-01    0.1954433781362041    0.28644775112007337    0.09100437298386926
2006-10-01    0.3359056397849507    0.30801075391218824    0.027894885872762454
2006-11-01    0.1581177311827879    0.2668594829050123    0.10874175172222442
2006-12-01    0.4520681774193491    0.41914094045698236    0.03292723696236677
2007-01-01    0.7799731774193539    0.6176246253548366    0.16234855206451726
2007-02-01    0.0812450878136132    0.2822407503279536    0.2009956625143404
2007-03-01    -0.1048020161290317    0.17481567338171763    0.27961768951074933
2007-04-01    0.0618754408602164    0.14403384860752322    0.08215840774730682
2007-05-01    0.1967026469533941    0.21430307597669496    0.017600429023300862
2007-06-01    -0.019183759856638    0.19650525705913213    0.21568901691577014
2007-07-01    0.2306787383512478    0.15739225171863125    0.07328648663261655
2007-08-01    0.009466838709681    0.13142463248565725    0.12195779377597625
2007-09-01    -0.1501521774193541    -0.009828199037636301    0.1403239783817178
2007-10-01    -0.1115590268817108    0.007497499965948166    0.11905652684765897
2007-11-01    0.1490117311827923    0.0798692623745492    0.0691424688082431
2007-12-01    0.0142850663082398    0.1169284875035803    0.1026434211953405
2008-01-01    -0.0516046003584236    0.060149912836915495    0.11175451319533909
2008-02-01    0.4025844211469476    0.2190228522383466    0.18356156890860098
2008-03-01    -0.1509929050179188    -0.03675127582974985    0.11424162918816894
2008-04-01    -0.090480114695346    -0.07103313965412655    0.01944697504121945
2008-05-01    0.0068239802867289    -0.025620322983878337    0.03244430327060724
2008-06-01    -0.1427240931899689    -0.05484044863262332    0.08788364455734557
2008-07-01    -0.1033231505376406    -0.05188956094444947    0.05143358959319113
2008-08-01    -0.0021749390681016    0.061637401191754995    0.06381234025985659
2008-09-01    0.3086092670250906    0.2353742172992844    0.07323504972580622
2008-10-01    0.287325306451617    0.29818253910215214    0.01085723265053512
2008-11-01    0.4201661756272337    0.35875910249282655    0.06140707313440713
2008-12-01    0.2611508440860142    0.2793158462885274    0.018165002202513214
2009-01-01    0.3478239551971391    0.24341497681183188    0.10440897838530722
2009-02-01    -0.1018644677419366    0.017264620865591346    0.11912908860752794
2009-03-01    0.2493475394265267    0.15190470105555676    0.09744283837096995
2009-04-01    0.073484885304655    0.029505243668457127    0.04397964163619787
2009-05-01    -0.2573040197132705    -0.09514800501971765    0.16215601469355284
2009-06-01    0.1297487956989265    0.06778085284408525    0.06196794285484125
2009-07-01    0.165966293906802    0.16813133334945848    0.0021650394426564745
2009-08-01    0.2602008387096894    0.27770835901971935    0.017507520310029945
2009-09-01    0.4967272670250899    0.4284429073082442    0.06828435971684571
2009-10-01    0.3646399731182868    0.39371795356631306    0.029077980448026286
2009-11-01    0.3634528422939027    0.3862610117311787    0.022808169437276038
2009-12-01    0.4872549551971339    0.44186944735125255    0.04538550784588136
2010-01-01    0.3585075107526947    0.44622737311470057    0.08771986236200585
2010-02-01    0.995023532258056    0.7652170684229394    0.2298064638351166
2010-03-01    1.2800594283154112    0.8507093449749115    0.42935008334049973
2010-04-01    0.8429561075268772    0.8774551794121884    0.034499071885311205
2010-05-01    1.0357012025089531    0.9136869838637998    0.12201421864515338
2010-06-01    0.723089351254476    0.7338102886630834    0.010720937408607356
2010-07-01    0.5297959605734768    0.5406127387562695    0.010816778182792697
2010-08-01    0.2218893942652293    0.2925601636057323    0.07067076934050298
2010-09-01    0.1497289336917582    0.2231718460788533    0.0734429123870951
2010-10-01    0.4603580842293908    0.3901274314551964    0.07023065277419438
2010-11-01    0.4216150645161214    0.3617148531720362    0.059900211344085186
2010-12-01    0.2151426218637944    0.2204635110824313    0.0053208892186369094
2011-01-01    -0.210051711469525    -0.0823019671433651    0.1277497443261599
2011-02-01    -0.0303413566308279    -0.004620988268817961    0.02572036836200994
2011-03-01    0.3654213172042979    0.2138487492508915    0.15157256795340637
2011-04-01    -0.0921806702509009    0.01576782654838255    0.10794849679928345
2011-05-01    -0.0148470197132688    -0.0002752182903289302    0.01457180142293987
2011-06-01    0.1352917956989188    0.08802148500716245    0.047270310691756356
2011-07-01    0.0245945161290244    0.0703974145555494    0.045802898426525004
2011-08-01    0.2297926164874582    0.15819780993190014    0.07159480655555805
2011-09-01    0.0654163781362058    0.05888535713978914    0.006531020996416656
2011-10-01    -0.0514868046594934    -0.04205969673117938    0.00942710792831402
2011-11-01    -0.288410491039432    -0.16464945513261717    0.12376103590681484
2011-12-01    0.1429650663082462    0.013206460376344207    0.129758605931902
2012-01-01    -0.0290333781362015    -0.03069006063799416    0.001656682501792659
2012-02-01    -0.230021578853055    -0.14513249857706667    0.08488908027598832
2012-03-01    0.1115419838709677    0.08335080643368895    0.028191177437278753
2012-04-01    0.4485952186379869    0.33014150940859904    0.11845370922938786
2012-05-01    0.5037754247311703    0.42871947102866736    0.07505595370250295
2012-06-01    0.327943351254472    0.43405503265053064    0.10611168139605864
2012-07-01    0.3615797383512458    0.34010475213440433    0.021474986216841463
2012-08-01    0.0433116164874576    0.24285000287992664    0.19953838639246904
2012-09-01    0.1288863781362081    0.1018457849444486    0.0270405931917595
2012-10-01    -0.0573959157706056    0.02921411817383762    0.08661003394444322
2012-11-01    0.1919972867383457    0.13725370389784627    0.05474358284049943
2012-12-01    0.1781508440860157    0.213616520499995    0.0354656764139793
2013-01-01    0.5149280663082472    0.4079005854139759    0.10702748089427128
2013-02-01    0.7424117544802833    0.5619043348225775    0.18050741965770578
2013-03-01    1.045170650537635    0.5873960642706061    0.45777458626702894
2013-04-01    0.6504552186379868    0.4575887786003552    0.19286644003763165
2013-05-01    0.3912766469534006    0.408499704983867    0.01722305803046642
2013-06-01    0.3335517956989235    0.3769486578978452    0.04339686219892169
2013-07-01    0.3526472939068021    0.33978806113081905    0.012859232775983054
2013-08-01    0.3538168387096796    0.3261399746541177    0.02767686405556191
2013-09-01    0.3546036003584234    0.2980443176756256    0.05655928268279781
2013-10-01    0.2235273064516185    0.22729865701433857    0.0037713505627200716
2013-11-01    -0.1250022688172052    0.027393164232975522    0.15239543305018072
2013-12-01    0.2720755107526855    0.17252223868817043    0.09955327206451506
2014-01-01    0.0662026218638018    0.09943154853046615    0.033228926666664355
2014-02-01    -0.0591780232974983    0.025240330473114178    0.08441835377061248
2014-03-01    0.2442547616487438    0.16428594067741606    0.07996882097132774
2014-04-01    0.5147954408602153    0.3494733388458742    0.1653221020143411
2014-05-01    0.1464343136200696    0.24639097258780854    0.09995665896773895
2014-06-01    0.3870454623655845    0.3428114467921067    0.044234015573477836
2014-07-01    0.3615517383512454    0.3353347416702414    0.026216996681003968
2014-08-01    0.232111838709681    0.24094752462724095    0.008835685917559954
2014-09-01    0.0631521559139791    0.09726553497849426    0.034113379064515156
2014-10-01    0.0621445286738335    0.06079646303942487    0.0013480656344086323
2014-11-01    -0.0186697132616551    0.018182944892468675    0.03685265815412378
2014-12-01    0.0424655107526845    0.0884360130860188    0.045970502333334294
2015-01-01    0.2908432885304677    0.23938890422580533    0.05145438430466237
2015-02-01    0.3023697544802779    0.28346909903225526    0.018900655448022663
2015-03-01    0.2019615394265308    0.257063564290326    0.0551020248637952
2015-04-01    0.6297533297490965    0.5359254575842228    0.09382787216487365
2015-05-01    0.6229516469533998    0.5796200384157658    0.04333160853763396
2015-06-01    0.3283596845878058    0.5508419257132573    0.2224822411254515
2015-07-01    0.39761662724014    0.4078763108673844    0.010259683627244387
2015-08-01    0.330504838709686    0.3760638017813662    0.045558963071680225
2015-09-01    0.5466480448028683    0.49752980116129425    0.04911824364157408
2015-10-01    0.4498329731182835    0.4826531895663085    0.032820216448024964
2015-11-01    0.656059508960567    0.5813934969354787    0.07466601202508827
2015-12-01    0.7517542885304671    0.5316945509139748    0.22005973761649233
2016-01-01    0.3476797329749139    0.46584937132257753    0.11816963834766364
2016-02-01    0.5958604211469449    0.5983899238028595    0.0025295026559145617
2016-03-01    0.813239650537632    0.7784306023440851    0.03480904819354691
2016-04-01    0.8266222186379864    0.7972152776021436    0.029406941035842737
2016-05-01    0.642967980286727    0.6792659233530365    0.03629794306630951
2016-06-01    0.6879777956989166    0.681608028473112    0.006369767225804623
2016-07-01    0.7114537383512491    0.7114351216809953    1.861667025382374e-05
2016-08-01    0.776711505376344    0.7311893717275938    0.04552213364875024
2016-09-01    0.6088572670250905    0.6629819420143346    0.054124674989244115
2016-10-01    0.7009221953405067    0.6846576158136235    0.016264579526883205
2016-11-01    0.6984689534050155    0.6792612010931917    0.01920775231182381
2016-12-01    0.572480955197129    0.5576439838512541    0.014836971345874916
2017-01-01    0.4206328440860218    0.44011715784229005    0.019484313756268246
2017-02-01    0.4090438655913893    0.4220498947025049    0.013006029111115647
2017-03-01    0.4242195394265309    0.4409833443978522    0.016763804971321294
2017-04-01    0.5517181075268773    0.5223253708924727    0.02939273663440467
2017-05-01    0.5946999802867303    0.5764399194193482    0.018260060867382077
2017-06-01    0.6481347956989154    0.6065149836415724    0.041619812057343
2017-07-01    0.1054117383512434    0.5612098714838661    0.45579813313262274
2017-08-01    0.3278147275985681    0.308454371591394    0.019360356007174118
2017-09-01    0.1243822670250907    0.2878425129211436    0.1634602458960529
2017-10-01    0.272154750896064    0.22871424090680845    0.043440509989255555
2017-11-01    0.2565139534050082    0.35153109007884836    0.09501713667384015
2017-12-01    0.4561415107526834    0.3526984115340454    0.10344309921863798
2018-01-01    0.2352420663082419    0.26693722632616246    0.031695160017920554
2018-02-01    0.0101424211469449    0.10282620897848803    0.09268378783154313
2018-03-01    0.4440607616487462    0.2901567308673807    0.1539040307813655
2018-04-01    -0.0869078924731212    0.06326585778135844    0.15017375025447965
2018-05-01    0.1266393136200605    0.11880013061289497    0.007839183007165532
2018-06-01    0.3150149068100276    0.270780334222212    0.0442345725878156
2018-07-01    0.3728060716845824    0.3799004938530408    0.007094422168458403
2018-08-01    0.5240058387096838    0.4857918101577087    0.03821402855197503
2018-09-01    0.5082376003584237    0.514511306994628    0.0062737066362043015
2018-10-01    0.5987256397849521    0.5591113782526952    0.03961426153225689
2018-11-01    0.5276939534050129    0.5345628225860238    0.006868869181010928
2018-12-01    0.1198268440860204    0.5020329502383537    0.3822061061523333
2019-01-01    0.3982595107526947    0.4565217240519752    0.058262213299280496
2019-02-01    0.6138073100358348    0.4611570158010788    0.15265029423475596
2019-03-01    0.5107505394265246    0.5568346941666645    0.04608415474013994
2019-04-01    0.6138096630824315    0.6123876638584184    0.001421999224013093
2019-05-01    0.9291433136200596    0.8007893024103853    0.12835401120967438
2019-06-01    0.7092712401433623    0.7140376660770534    0.004766425933691143
2019-07-01    0.4941227383512476    0.5151258806684543    0.021003142317206736
2019-08-01    0.4154895053763461    0.44968365119892284    0.03419414582257674
2019-09-01    0.4439606003584266    0.4323129441093193    0.011647656249107297
2019-10-01    0.3554657508960623    0.40548743357526984    0.050021682679207535
2019-11-01    0.5078187311827946    0.5312951627293888    0.02347643154659418
2019-12-01    0.732412066308239    0.6551838892706061    0.07722817703763285
2020-01-01    0.6723198440860223    0.6524750628297465    0.019844781256275756
2020-02-01    0.7524911989247265    0.6592293459157672    0.09326185300895928
2020-03-01    0.6755892060931963    0.5903215094462282    0.0852676966469681
2020-04-01    0.5985304408602161    0.5171432762455075    0.08138716461470863
2020-05-01    0.5568398691756151    0.4868285517222103    0.07001131745340483
2020-06-01    0.3599800179211385    0.3938142623888798    0.0338342444677413
2020-07-01    0.2937416272401414    0.3470217280680934    0.05328010082795198
2020-08-01    0.2334265053763466    0.2553047851756273    0.021878279799280725
2020-09-01    0.2011229336917601    0.2504552110501819    0.04933227735842183
2020-10-01    0.5456065286738401    0.40978917180286784    0.13581735687097224
2020-11-01    0.2076587311827893    0.27509771292293506    0.06743898174014576
2020-12-01    0.2367431774193491    0.24692235884407926    0.01017918142473015
2021-01-01    0.1942526218638001    0.2607356008548342    0.06648297899103411
2021-02-01    0.4634728655913882    0.3594868849372702    0.10398598065411796
2021-03-01    0.0642169838709705    0.3417112837258009    0.27749429985483043
2021-04-01    0.2945227741935454    0.31461922052866825    0.020096446335122864
2021-05-01    0.0903064247311782    0.2719134700806391    0.1816070453494609
2021-06-01    0.1983583512544768    0.23330295683511906    0.034944605580642274
2021-07-01    0.2909595161290248    0.27178450854121233    0.019175007587812487
2021-08-01    0.2081116164874608    0.26840624066129015    0.06029462417382936
2021-09-01    0.6262183781362083    0.4292333078351266    0.1969850703010817
2021-10-01    0.6636570842293956    0.6307227601021499    0.03293432412724573
2021-11-01    0.729945064516123    0.6721471355215043    0.057797928994618664
2021-12-01    0.6741175107526836    0.6287118153602146    0.04540569539246897
2022-01-01    0.190849066308246    0.37900369712544574    0.18815463081719974
2022-02-01    0.6702004211469479    0.5314399862759793    0.13876043487096856
2022-03-01    0.0815706505376319    0.24671627463798684    0.16514562410035494
2022-04-01    0.3208969964157724    0.12899579188888266    0.19190120452688975
2022-05-01    0.1629780913978393    0.10638402248744694    0.05659406891039237
2022-06-01    -0.0536323154121944    0.02202882047669509    0.0756611358888895
2022-07-01    0.1370141827956956    0.07608418417920784    0.06092999861648776
2022-08-01    0.0269768387096789    0.03879221380645234    0.011815375096773443
2022-09-01    -0.0192911774193511    0.013913274942655153    0.033204452362006254
2022-10-01    0.2249673064516173    0.12455309898566658    0.10041420746595073
2022-11-01    -0.2192803799283211    -0.09408806512186645    0.12519231480645465
2022-12-01    0.0051620663082445    -0.02837837009677456    0.03354043640501906
