-0.271261383064505    -0.5111244959435471    0.23986311287904216
-0.0869866088709621    -0.02972590999999929    0.057260698870962815
-0.442277100806454    0.013808116697580775    0.45608521750403475
-0.149905622983873    -0.15119131963306578    0.0012856966491927857
0.733364806451615    0.27518749140726123    0.4581773150443537
2.64969529032258    1.7835098346693643    0.8661854556532158
1.40333036290323    0.4931186565483895    0.9102117063548406
-0.0322206129032239    0.26708172446370926    0.2993023373669332
-0.946988358870971    -0.4657144610201647    0.48127389785080626
-1.46061918951613    -1.011700646040326    0.44891854347580407
-1.40352004032258    -1.0858019763991917    0.3177180639233883
-0.962359895161292    -0.7585191853064503    0.2038407098548416
-0.979971883064511    -0.7171006388951597    0.26287124416935126
-1.09613810887096    -1.0149423361935386    0.08119577267742151
-2.05947660080646    -1.4925641978185462    0.5669124029879136
-1.60319737298387    -1.3751455389354874    0.22805183404838258
-0.549879693548384    -1.1529102207822566    0.6030305272338726
-0.23782845967742    -0.4747911554798373    0.2369626958024173
-2.11868813709677    -1.5234016408104913    0.5952864962862787
-1.39239036290322    -0.8447434955403226    0.5476468673628974
-1.51106985887097    -1.3814182634112877    0.1296515954596822
-0.146449189516137    -0.5264999075362964    0.3800507180201594
-1.35902854032258    -0.9528049425725831    0.40622359774999683
0.0006888548387067    -0.334836720141133    0.3355255749798397
-0.909642633064511    -0.6224146238790297    0.2872280091854813
-0.795260608870962    -0.25977751979838765    0.5354830890725744
-0.844222100806455    -0.3627288813266111    0.4814932194798439
-0.357895122983873    -0.2764587883911311    0.08143633459274191
0.403352556451615    0.18685911841935532    0.21649343803225968
1.72150679032258    0.06933013774193654    1.6521766525806434
1.70772436290323    0.3321826273306463    1.3755417355725836
0.715497637096775    0.6815128160322613    0.033984821064513726
-1.04215685887097    -0.4635737649637143    0.5785830939072557
-2.04949418951614    -1.401537832161307    0.6479563573548328
-1.17415579032258    -1.0560748134314484    0.11808097689113173
-1.36593914516129    -0.9027070132822589    0.463232131879031
-0.78054813306451    -0.8607140945685472    0.08016596150403721
-0.929599358870963    -0.7039067707540327    0.22569258811693027
-1.11878035080645    -0.5607366274838672    0.5580437233225828
-2.17310012298387    -1.444263226596784    0.7288368963870859
-0.825186443548386    -0.9274107281007998    0.10222428455241384
-0.459580459677419    -0.7003960282540314    0.24081556857661235
-1.26962238709677    -1.1639231501895155    0.10569923690725447
-2.14403261290322    -0.262074580762097    1.881958032141123
-1.72141785887097    -1.4603922015443502    0.26102565732661986
-1.53370143951614    -1.3131098403508061    0.22059159916533377
-1.19447554032258    -1.1294310862338708    0.06504445408870918
-1.65399739516129    -1.1050514602177413    0.5489459349435488
-1.16487513306451    -1.1264962382459653    0.03837889481854462
-0.675789858870964    -0.6103982364193533    0.06539162245161068
-0.572043850806455    -0.8565807960362917    0.28453694522983664
-1.06114212298387    -0.06842847993145147    0.9927136430524185
-0.0967894435483849    -0.25786144385483745    0.16107200030645255
0.833946040322584    0.4689768482540356    0.3649691920685484
-0.810256637096767    -0.3771606392016069    0.43309599789516007
-0.730743362903226    -0.6027554314072562    0.12798793149596976
0.0158953911290283    -0.1419056480443564    0.1578010391733847
-0.711285939516134    -0.052165307112903736    0.6591206324032302
-0.263410790322581    -0.23174117335483846    0.031669616967742564
-0.76600539516129    -0.4247424816693558    0.34126291349193416
-1.13170788306451    -0.7412292497701557    0.3904786332943543
-0.80825210887096    -0.743670690620967    0.06458141824999297
-0.189583850806454    -0.07897343953225691    0.1106104112741971
-0.197692372983873    -0.18162119557257894    0.016071177411294046
-0.643386193548384    -0.4961405885282281    0.14724560502015588
-0.80164545967742    -0.5491076868548387    0.2525377728225813
-0.423271387096769    -0.34099672410886905    0.08227466298789993
-1.02670186290322    -0.6945129307338694    0.33218893216935064
0.03478289112903    -0.0739718622298393    0.1087547533588693
-0.416594689516135    -0.23671188247177607    0.1798828070443589
-0.523287790322581    -0.2960435017580643    0.22724428856451667
-0.297097395161291    -0.21249590493548196    0.08460149022580907
-0.33039213306451    -0.1676837755201566    0.1627083575443534
0.114177391129036    -0.045735130467739755    0.15991252159677574
0.279366399193545    0.10843489794354534    0.17093150124999967
-0.205389372983873    -0.15001382696169407    0.05537554602217892
0.696333056451618    0.361737287455648    0.33459576899597004
0.18163204032258    0.3673722499475802    0.1857402096250002
0.836220112903231    0.5864278397983874    0.24979227310484353
-0.530701612903226    0.03095386491532252    0.5616554778185485
-1.72048060887097    -1.175443393459673    0.545037215411297
-0.334341939516136    -0.4717367789274189    0.1373948394112829
-1.84131829032258    -1.3564445547419306    0.4848737355806494
-1.21773339516129    -1.0596001693588708    0.15813322580241929
-2.04921463306451    -1.655784904137088    0.3934297289274218
-2.30618510887096    -1.8940827513185485    0.4121023575524114
-1.75808685080645    -1.5445221402620957    0.21356471054435433
-1.35479724798387    -1.2716017152903294    0.08319553269354052
-1.72143469354839    -1.4859525608588833    0.23548213268950668
-1.38698045967742    -1.223318873330645    0.16366158634677497
-1.17909788709677    -1.134336857447575    0.04476102964919515
0.206691887096774    -0.30145095360080465    0.5081428406975786
0.0388873911290304    -0.17285890069758003    0.21174629182661042
0.553441310483866    0.355484820302415    0.197956490181451
0.48980120967742    0.4947512211572559    0.00495001147983587
0.0061198548387082    -0.07371661658871125    0.07983647142741944
-0.554425883064511    -0.3250761021733829    0.22934978089112812
0.0443016411290387    -0.09468743316935042    0.13898907429838914
0.034186649193547    -0.03215648144354847    0.06634313063709546
-0.235918622983874    0.12658560387500026    0.3625042268588743
0.0523220564516151    -0.1927233782862884    0.24504543473790352
0.540063790322581    -0.00516723331653104    0.545231023639112
-1.03476363709677    -0.44346183353629    0.5913018035604801
0.320888637096775    0.12849791435887106    0.19239072273790395
-1.34559335887097    -0.8967334464717759    0.4488599123991942
-0.739762939516137    -0.2643687589959671    0.4753941805201699
-0.31179479032258    -0.2616012634959668    0.05019352682661321
0.108777104838708    -0.13284774227016155    0.24162484710886956
-0.568495883064511    -0.32507998947580463    0.2434158935887064
0.511883141129037    0.31259573651613126    0.19928740461290573
0.747314649193545    0.5368370166330655    0.21047763256047947
-0.682342122983872    -0.2731477316088701    0.40919439137500185
-1.00883119354839    -0.8492409768750084    0.15959021667338158
-0.916401959677419    -0.6770811596290337    0.2393208000483853
-0.967514387096767    -0.8094194439395055    0.15809494315726147
-1.36734036290322    -1.163969197350801    0.20337116555241885
0.937767891129028    0.17236568204838432    0.7654022090806437
0.712959810483863    0.44441902697579994    0.2685407835080631
0.704299959677417    0.4398024488145172    0.2644975108628998
0.422564604838708    0.5048296837681412    0.08226507892943319
0.0099563669354907    0.07901926163306958    0.06906289469757887
-0.210626608870964    -0.23731082787903052    0.02668421900806653
-0.509976850806453    -0.4162830549475815    0.09369379585887155
-0.173119372983873    -0.1855243169092755    0.012404943925402506
-0.337106693548382    -0.28418454541128596    0.05292214813709606
-0.91733745967742    -0.6518784171451593    0.2654590425322607
-1.51408638709677    -1.0103034931653176    0.5037828939314524
-1.38145186290322    -1.0741467901975752    0.3073050727056448
-0.418068858870971    -0.3519233110725831    0.06614554779838788
0.136373810483867    -0.7315288612137111    0.8679026716975781
-0.48062604032258    -0.38425082570564645    0.09637521461693355
0.441326854838707    0.2696605205786273    0.17166633426007966
-1.14138538306451    -0.7616906329556458    0.3796947501088642
-0.043720608870963    -0.15423301706451292    0.11051240819354993
0.942276149193546    0.41500683249193127    0.5272693167016147
0.198683127016128    0.06967935262903245    0.12900377438709554
0.330428306451616    0.42289774203629193    0.09246943558467591
-0.186468209677418    0.013729865286291314    0.2001980749637093
-0.136929637096767    -0.05371012702418886    0.08321951007257813
0.35890788709678    -0.19804003260483907    0.556947919701619
-0.197345608870972    -0.17345772838508505    0.023887880485886942
0.987410560483866    0.04763045151814615    0.9397801089657198
0.852665459677418    0.6892235138145197    0.16344194586289829
-0.15632639516129    -0.09136697917338554    0.06495941598790445
1.47924711693549    1.038999680395162    0.44024743654032794
-0.0221931088709617    0.4487815637621016    0.4709746726330633
1.24492464919355    0.1553525811774195    1.0895720680161305
0.836177627016127    0.16903734396774273    0.6671402830483842
-0.0620591935483823    0.05097488312701912    0.11303407667540143
-0.783040709677419    -0.40820602424193253    0.3748346854354865
-1.12288888709677    -0.7932706865846779    0.329618200512092
-1.10567361290322    -0.9214363491814471    0.18423726372177296
0.12477139112903    -0.18179471246371062    0.3065661035927406
-0.191938439516132    -0.12426613360483957    0.06767230591129242
0.0307867096774181    0.027127257298387407    0.003659452379030693
-0.168722395161289    -0.14400931459072433    0.024713080570564677
-0.511385133064511    -0.3764352692923364    0.13494986377217466
0.0567471411290406    -0.089025085383059    0.1457722265120996
-0.649098350806455    -0.45800647957258667    0.19109187123386828
-0.352692372983871    -0.24311943828628962    0.10957293469758139
-0.0778281935483847    -0.17874973773386943    0.10092154418548473
0.242424290322582    -0.017804629733869624    0.26022892005645165
-0.638605387096767    -0.4264276880927345    0.21217769900403244
-0.185399112903223    -0.1273881819193519    0.05801093098387111
-0.890162108870971    -0.5766672845241992    0.3134948243467718
-0.785412189516137    -0.7093021147258092    0.07611007479032783
0.0170184596774199    -0.15829004187499857    0.17530850155241848
0.186846354838707    0.08555603606854731    0.1012903187701597
-1.25100513306451    -0.7922311141774152    0.4587740188870948
-1.00625360887096    -0.6445988240725777    0.3616547847983822
-0.665221850806454    -0.5031108764193576    0.16211097438709643
-1.39529612298387    -1.0243860625685535    0.3709100604153166
0.571735806451613    -0.55495891407661    1.126694720528223
-0.326371459677418    -0.08774377658467634    0.23862768309274163
-0.520724137096767    -0.4620880670725789    0.058636070024188136
-0.359770862903225    -0.06295165626814367    0.2968192066350813
0.0888343911290299    -0.02937802196774241    0.1182124130967723
0.348631560483863    0.0014818350887102762    0.3471497253951527
-0.88543504032258    -0.48312406358871063    0.4023109767338694
-0.34766939516129    0.04035899963709863    0.3880283947983886
-0.211381383064509    -0.29315638073789835    0.08177499767338936
-0.113856608870961    -0.1167584965766085    0.0029018877056475045
0.130356149193545    -0.11760710812499973    0.24796325731854474
-0.443437622983872    -0.3706734597459716    0.07276416323790041
-0.141080693548385    -0.095320633469756    0.04576006007862901
-0.85432645967742    -0.5080463772217757    0.34628008245564434
-1.17001238709677    -0.8346368526491942    0.33537553444757584
-0.0587431129032261    -0.33136391136693377    0.2726207984637077
-0.028259858870971    0.23671672948790298    0.264976588358874
-0.301046689516134    -0.04486294659274191    0.2561837429233921
0.499688209677419    0.026998918133064875    0.47268929154435413
0.700948104838709    0.584685694366936    0.11626241047177299
-0.177984383064508    0.09157932074193623    0.26956370380644423
-0.333581108870963    -0.13860919474596475    0.19497191412499823
0.534780649193547    -0.11812163506653105    0.652902284260078
1.51553962701613    0.9542693790685534    0.5612702479475767
1.01699205645161    0.3590734234314523    0.6579186330201576
0.0840972903225818    0.2846397832338679    0.20054249291128612
0.33771886290323    0.12149746164516477    0.21622140125806522
0.0840993870967743    0.11849669119354769    0.0343973040967734
-0.687153608870972    0.28993353900000046    0.9770871478709724
-0.0390711895161324    -0.121292958987904    0.0822217694717716
-0.549300040322581    -0.21814811543951465    0.33115192488306633
-0.0979566451612932    -0.11050593544758144    0.012549290286288248
-1.00168938306451    -0.5292435835685427    0.4724457994959672
-0.753185858870964    -0.5541544580362903    0.19903140083467374
-0.991869100806454    -0.678084449189515    0.3137846516169389
0.550801127016129    -0.5352087096572543    1.0860098366733832
-0.438241443548382    -0.08181370817741693    0.35642773537096506
-0.62030345967742    -0.43341734141128874    0.18688611826613122
0.0378241129032304    -0.046907960802416215    0.08473207370564662
0.0021156370967787    -0.0019693146895135632    0.004084951786292264
-0.36336485887097    -0.15844314547177352    0.20492171339919646
-2.14961393951613    -1.3513301244012175    0.7982838151149123
-1.03542204032258    -0.935353378971778    0.10006866135080206
-1.46141714516129    -1.2869310534758043    0.1744860916854858
-1.20728113306451    -1.1239859125040232    0.08329522056048666
0.385938891129037    -0.06873690225806182    0.45467579338709885
-1.29885760080645    -0.8450963565040336    0.4537612443024165
-0.820212372983871    -0.23087567817741844    0.5893366948064525
0.478443306451617    0.17340254220968077    0.3050407642419362
-0.86184895967742    -0.6145412229395172    0.24730773673790285
0.349802612903236    0.18270144429839263    0.16710116860484336
-0.511407612903223    -0.4747673330685432    0.03664027983467982
-0.116895608870969    -0.027479559528226352    0.08941604934274265
-0.941613939516135    -0.5429670353951662    0.3986469041209688
-0.268031040322583    -0.342193512254031    0.07416247193144798
0.684009354838707    -0.14852325323386997    0.8325326080725769
-0.0283416330645103    0.1358803028588762    0.1642219359233865
0.747605141129036    0.5796085589637149    0.1679965821653211
-0.386141600806454    0.48970246051613103    0.8758440613225851
0.350450127016128    0.12160961905443575    0.22884050796169225
0.354627806451614    -0.2585624788911276    0.6131902853427416
-1.10037470967742    -0.06895377986693413    1.0314209298104857
-0.0727618870967675    -0.21805283435886857    0.14529094726210107
-0.471017862903224    -0.30253238995564324    0.16848547294758076
0.44898189112903    0.24461003273386792    0.20437185839516206
-0.322625689516137    -0.16834249302823082    0.1542831964879062
-0.120268540322581    -0.16353523969758185    0.043266699375000855
-0.160091645161291    -0.10335135970766128    0.05674028545362973
-1.10227488306451    -0.7491118222499996    0.3531630608145103
-0.0577371088709633    -0.2506315766249988    0.19289446775403551
-0.787116100806454    -0.5345909471209693    0.25252515368548467
-1.28472887298387    -0.09204626623790284    1.192682606745967
-0.547772943548384    -0.6876369423749962    0.13986399882661216
0.15149354032258    0.11176358157258136    0.03972995874999864
-1.54002913709677    -0.3752119810282258    1.1648171560685443
0.149712387096777    -0.454329009653224    0.604041396750001
-0.293832358870972    -0.338072684145162    0.04424032527419003
-1.52208393951614    -1.0796530283145298    0.44243091120161027
-0.338537040322581    -0.5012619897620981    0.16272494943951715
-0.873407645161294    -0.6699763575443626    0.2034312876169314
-1.56101788306451    -1.0944202132983827    0.4665976697661274
-1.11332685887096    -0.9844634048790217    0.12886345399193821
0.919237899193547    0.4401452323508054    0.47909266684274165
0.560516627016128    0.19853381678225782    0.36198281023387024
0.658856306451618    0.34837919122177424    0.3104771152298437
-0.428718959677418    0.4499002428366923    0.8786192025141103
-0.0117296370967672    0.012085100750005054    0.023814737846772252
1.60701188709678    -0.03444137392943527    1.6414532610262154
-0.36825035887097    -0.10224262104032271    0.2660077378306473
-0.157054439516134    -0.15945242533064738    0.0023979858145133925
0.0895252096774186    0.32303971751209853    0.23351450783467992
-0.328390145161293    -0.17427203052016302    0.15411811464112998
0.0096761169354913    -0.034519869651204835    0.044195986586696136
1.29168414112904    0.7467408267298489    0.5449433143991912
0.551565399193546    0.15082319663709864    0.4007422025564473
0.836049877016126    0.622527584905243    0.21352229211088303
-0.627223693548384    -0.1997580732036292    0.4274656203447548
-1.03756395967742    -0.7699590668669329    0.26760489281048705
-0.77918863709677    -0.590981675564515    0.18820696153225502
0.363713137096777    0.030623679693551353    0.33308945740322565
-0.0422338588709721    0.20709686675806546    0.24933072562903758
1.05480481048387    0.6273187555887064    0.42748605489516367
1.12544370967742    0.5807693236854873    0.5446743859919326
0.0276666048387071    0.15311102968951548    0.12544442485080837
-0.484907383064506    -0.37744424057257314    0.10746314249193284
1.68898364112904    0.8455241305000006    0.8434595106290393
1.20155639919355    0.8418834823911379    0.3596729168024122
0.868571877016127    0.7350355618467722    0.13353631516935482
-0.653308943548385    0.45508254301209755    1.1083914865604825
-0.95255820967742    -0.7515649208508061    0.20099328882661394
0.225834612903231    0.04180235582661644    0.18403225707661458
0.183220137096775    0.09871054942338778    0.08450958767338723
-0.531390858870971    -0.28275737987903626    0.24863347899193478
-1.21071793951614    -0.6847015236612981    0.5260164158548419
0.364402959677417    -0.6139735132217715    0.9783764728991885
0.411204854838708    0.3030377409354844    0.10816711390322359
0.46506986693549    0.31306848229032735    0.15200138464516266
-0.102188358870961    0.10830452629839166    0.21049288516935266
-1.23266360080645    -0.7745020955120999    0.45816150529435007
-0.790522872983871    -0.6950191883749949    0.09550368460887615
0.188704806451614    0.016473412056452644    0.17223139439516136
-0.647169209677418    -0.5094481674435509    0.13772104223386705
-0.0284926370967682    -0.024085457758060716    0.004407179338707483
-0.0052213629032245    0.0008526922459685078    0.006074055149193008
-0.969671858870967    -0.7167485992822556    0.2529232595887113
0.202677560483863    0.08308755160080177    0.11959000888306125
0.282348209677419    0.15427491933870943    0.1280732903387096
0.429390354838709    -0.0038132715725818275    0.43320362641129084
0.913180116935489    0.6501224207500036    0.26305769618548536
1.59056589112904    1.2029356331048384    0.3876302580242015
-0.0379836008064558    0.7511635444072587    0.7891471452137145
-0.535850372983873    -0.31307524685484    0.22277512612903294
0.568323556451613    0.07310992779032431    0.4952136286612887
-0.68328020967742    0.3395724232096793    1.0228526328870993
-0.321363637096766    -0.36331183568547915    0.041948198588713126
0.561980137096775    0.2879194181370995    0.2740607189596755
0.172746641129031    0.41962032714516445    0.24687368601613346
0.584651060483864    0.45169012543547615    0.1329609350483878
0.0697604596774184    0.26622495539516    0.1964644957177416
-0.407216645161292    -0.013016222689516556    0.39420042247177545
0.873180866935492    0.5359232404435531    0.3372576264919389
0.504306891129037    0.4432988829274224    0.061008008201614616
-0.401995850806454    -0.18601995479838834    0.21597589600806566
1.37918712701613    0.8207157597096766    0.5584713673064534
-0.0951891935483857    0.23325333124193906    0.32844252479032476
-0.318428459677417    -0.1938485242459675    0.12457993543144952
0.658276112903231    0.3414076171975842    0.31686849570564674
0.56057538709678    0.4364277439314524    0.12414764316532761
0.375750141129032    0.3016850471250002    0.07406509400403177
1.22182006048386    0.8394111429314478    0.38240891755241224
-0.167346790322583    0.16707776016532142    0.3344245504879044
0.148331854838709    0.28384774572177623    0.13551589088306723
0.362034866935492    0.23903532909274708    0.1229995378427449
0.675859141129038    0.34600634122984    0.329852799899198
-0.817689350806454    -0.34287259318952007    0.4748167576169339
-1.58404362298387    -1.0191824891088705    0.5648611338749994
-0.545915443548385    -0.5951143309032221    0.04919888735483713
0.524971790322581    0.29642098831854863    0.22855080200403238
-0.660617387096767    -0.5906570116209638    0.06996037547580314
-0.711562862903225    -0.5092374178750007    0.20232544502822436
-0.18864310887097    -0.1251306729959686    0.06351243587500138
0.277521560483866    -0.2026166677459657    0.4801382282298317
0.193314459677417    0.07004970259677339    0.12326475708064362
0.247913604838708    0.24122511579032438    0.006688489048383622
0.86429261693549    0.5939200493629007    0.2703725675725893
-0.328666108870962    0.5106211199838706    0.8392872288548325
-0.305324100806455    -0.14870575338306546    0.15661834742338954
-0.982335872983871    -0.5150888357116918    0.4672470372721792
-0.398033943548384    -0.45954860794354224    0.061514664395158236
-0.144845709677419    -0.24028729063709464    0.09544158095967564
-1.41486613709677    -0.07306314747983712    1.3418029896169328
-0.341905612903226    -0.44899979438306287    0.10709418147983685
-0.742883358870969    -0.603124631850809    0.13975872702016
0.622728310483868    0.16948151410483686    0.45324679637903115
0.153618709677417    0.19184242355645115    0.038223713879034144
0.75093810483871    0.5401858328185524    0.21075227202015767
1.70504511693549    1.2352875385927413    0.4697575783427488
-0.115350608870962    0.12975072129839116    0.24510133016935315
0.123880399193549    0.20180327677822607    0.07792287758467707
-0.245875372983871    0.2541363411008096    0.5000117140846806
-1.11602394354838    -0.5822598445342718    0.5337640990141083
-1.18742195967742    -0.8521143289233823    0.3353076307540377
0.324098112903233    -0.07261617314515623    0.3967142860483892
1.50419388709678    0.9012600163951687    0.6029338707016112
0.178425141129029    0.221877783008062    0.043452641879033
-0.894205939516134    -0.3305717756371001    0.5636341638790339
-0.433470540322581    -0.38565172168548395    0.04781881863709703
-0.414770145161292    -0.5011013322298417    0.08633118706854964
0.0208933669354892    0.035062878217745855    0.014169511282256655
0.114798141129036    0.09652243837903465    0.018275702750001344
0.884520899193547    0.4610031553508054    0.42351774384274166
-0.0487631229838712    0.15760138683064567    0.20636450981451687
-0.359476693548384    -0.14431178483870802    0.215164908709676
-1.04586420967742    -0.5941328272056461    0.4517313824717739
-0.305075387096768    -0.4932633515967708    0.1881879645000028
0.217359637096777    0.08138945970161507    0.13597017739516193
0.970188641129028    0.4739574151854822    0.49623122594354585
-0.685599939516134    -0.2682373283790349    0.41736261113709905
-0.72633279032258    -0.4784582387741901    0.24787455154838994
-0.0971416451612903    -0.041160163935483454    0.055981481225806845
0.563774866935489    0.04209138291129121    0.5216834840241977
1.40440439112904    0.9935688628225898    0.4108355283064502
1.18638589919355    0.7987535041290353    0.38763239506451475
0.0603933770161262    0.3807994447822522    0.320406067766126
-0.672372943548385    -0.3951961125161286    0.2771768310322564
-0.808428959677421    -0.432596699959679    0.37583225971774203
-0.258571387096769    -0.27203579307257636    0.013464405975807336
-0.214197862903223    -0.17070757869354455    0.04349028420967846
-0.723826858870972    -0.5040211283306507    0.21980573054032126
0.220430310483863    0.014320503802414508    0.2061098066814485
-0.297901040322582    -0.04375831057661281    0.2541427297459692
0.701937604838708    0.41257547252822685    0.2893621323104812
0.759325866935491    0.6122621275121017    0.14706373942338924
0.176942641129038    0.17763876493145428    0.000696123802416293
-0.294744850806453    -0.08229700287096758    0.21244784793548543
0.944412377016128    0.5262280292782271    0.4181843477379009
-0.641660693548385    0.3956768108911305    1.0373375044395154
0.103470040322581    -0.04155025934677369    0.1450202996693547
0.575077112903234    0.3600662639516204    0.21501084895161365
1.60429863709678    1.1090950092016234    0.4952036278951566
0.347401391129029    0.34556936140322714    0.0018320297258018758
-0.330804189516137    -0.15275068651613458    0.17805350300000242
1.60932920967742    0.9682334572177419    0.6410957524596782
-0.32278389516129    0.09403072381451794    0.41681461897580796
-0.153729383064508    -0.11748465264515706    0.036244730419350946
1.23813689112904    0.8199351930483935    0.41820169808064656
-0.132348850806451    0.40717419982258374    0.5395230506290347
0.305941377016129    0.2837852921451603    0.022156084870968706
-0.430909943548386    -0.21932180127419204    0.21158814227419398
0.258263040322582    0.1270095465020173    0.13125349382056473
0.757371112903233    0.15722747713709714    0.6001436357661358
0.867322387096774    0.6714151706572562    0.1959072164395178
0.941927641129031    0.8858788591129073    0.05604878201612373
1.26699656048386    0.7552630033225808    0.5117335571612792
0.300228209677417    0.4771255221733841    0.17689731249596713
0.23252560483871    0.27541525970967956    0.042889654870969574
-0.137346883064509    -0.00102508775402693    0.13632179531048208
0.222313391129038    0.2278567334112926    0.0055433422822545875
0.0377626491935459    0.03926821290322477    0.0015055637096788727
1.18457187701613    0.8483278695846822    0.3362440074314478
1.37626655645161    1.2276583584475687    0.14860819800404124
0.203402290322579    0.3306863841048394    0.1272840937822604
-0.441954887096767    0.46084471945564875    0.9027996065524158
-0.428144362903225    -0.18810975517338616    0.24003460772983884
-0.264594358870969    -0.2503299375100797    0.01426442136088929
0.847548560483865    0.46766713562096235    0.3798814248629026
0.665963459677421    0.611936277274192    0.05402718240322901
0.419476354838711    0.29644628350403274    0.12303007133467825
0.251085116935492    0.21973692305242343    0.03134819388306859
-0.806026608870962    -0.38548981946773675    0.42053678940322525
-0.732690850806453    -0.250434027612903    0.48225682319355
-0.939021872983872    -0.2972302523387099    0.641791620645162
-0.969863943548386    -0.5280951454516093    0.4417687980967767
-0.75345645967742    -0.8035533499596718    0.05009689028225173
-0.0820031370967662    -0.22799813436692873    0.14599499727016252
-0.541118612903226    0.05131227814516137    0.5924308910483874
0.33160439112903    0.16827110313709512    0.1633332879919349
-0.0545479395161337    -0.26026449181854866    0.20571655230241495
-0.0403887903225808    -0.047052931016128265    0.0066641406935474615
-1.06119464516129    -0.21884315449193512    0.8423514906693548
-0.552253133064511    -0.1496190162258077    0.40263411683870326
-0.520791108870963    -0.42362677136289867    0.09716433750806436
-0.120118100806454    -0.07372276322983969    0.04639533757661432
0.496347127016129    0.2848943607258048    0.21145276629032417
0.0324528064516159    0.15448439124596983    0.12203158479435393
1.05745679032258    0.7765868546129072    0.2808699357096728
0.409460612903235    0.5098235789153306    0.1003629660120956
1.48719263709678    0.9823591468346756    0.5048334902621044
1.04406364112903    0.8377033428104804    0.20636029831854963
0.973274310483866    0.8020476079435463    0.1712267025403197
0.984309709677419    0.3943539189919374    0.5899557906854817
0.989677854838707    0.5279965356491968    0.46168131918951016
0.989726866935492    0.6677197853306497    0.32200708160484226
0.0309773911290385    0.30700732229032757    0.27602993116128904
-0.820287850806455    -0.34086731290725886    0.4794205378991962
0.0958106270161281    -0.10179544703628834    0.19760607405241642
1.37758330645162    0.7925081679475885    0.5850751385040316
0.879070290322581    0.6362842037540355    0.2427860865685455
-0.365888387096767    0.215758070088711    0.581646457185478
-0.939239112903223    -0.5847874618709626    0.3544516510322604
0.500585891129028    0.21866905388306443    0.2819168372459635
0.543245060483866    0.2994837215040296    0.24376133897983643
0.403663209677418    0.2497280883709675    0.15393512130645048
0.147103354838713    0.18059343706451939    0.03349008222580638
-0.125166883064509    -0.06758874536289823    0.05757813770161076
-0.740210608870964    -0.08288533254435376    0.6573252763266102
-0.273371600806453    -0.2796266731612926    0.006255072354839575
0.295884627016129    0.08720264939919405    0.20868197761693497
-0.834528693548382    -0.43460493984273735    0.39992375370564465
-0.0502314596774163    -0.06156647556451362    0.011335015887097316
-1.54356088709677    -0.012536022846773647    1.5310248642499964
-1.66618461290322    -0.4922072830806439    1.1739773298225762
-0.196108858870971    -0.9532181195685466    0.7571092606975757
-0.189740689516135    -0.5052316019032259    0.3154909123870909
-0.474950540322581    -0.7081394378467755    0.23318889752419447
-0.578454145161292    -0.43461175199596774    0.14384239316532427
-0.285262883064508    -0.25225595896773484    0.03300692409677314
-0.373129108870962    -0.2492515249314456    0.12387758393951642
0.128302149193544    0.05603683865322392    0.07226531054032007
-0.824814622983872    -0.44921875067741707    0.3755958723064549
-0.436889443548385    -0.30874877462902933    0.12814066891935566
-0.719684459677421    -0.5768388989999977    0.14284556067742327
1.38442436290323    0.7912292545846831    0.5931951083185469
0.107846387096775    0.23616428948387136    0.12831790238709634
0.411569641129031    0.3395875908991947    0.07198205022983628
0.577024810483863    0.3006487554475797    0.2763760550362833
1.27002270967742    0.70313755325403    0.5668851564233899
0.773248354838707    0.7861350377459633    0.012886682907256253
1.42175361693549    0.4566194395040304    0.9651341774314597
0.468668641129039    0.5453362126572608    0.07666757152822185
0.838766149193546    0.6146980463064444    0.22406810288710155
0.730187127016126    0.4268413302943549    0.3033457967217711
0.355888056451615    0.5207843308225831    0.16489627437096815
-0.401369959677421    -0.12027908999193684    0.28109086968548413
-0.597029637096767    -0.19814051187096313    0.3988891252258039
0.364499137096775    -0.1985034274133052    0.5630025645100802
-0.24378660887097    0.025897695786290555    0.26968430465726057
0.0183570604838685    -0.015125183298388436    0.033482243782256935
-0.786143040322582    -0.4327138134072563    0.3534292269153257
0.920699854838709    -0.25211890158064454    1.1728187564193535
1.33394036693549    0.9197682707782353    0.4141720961572546
1.20094914112904    0.9303602147580743    0.27058892637096577
1.44447664919355    1.1782512869879114    0.2662253622056385
0.521568627016126    0.55764253033871    0.03607390332258398
1.68404530645162    1.1189109839274145    0.5651343225242056
-0.509082459677419    -0.02096985687096722    0.48811260280645186
1.87334911290323    1.0859849499677434    0.7873641629354866
1.01312863709678    0.7989133896774205    0.2142152474193595
0.826285891129029    0.67360756246371    0.15267832866531894
0.269371810483864    0.3729368975967717    0.10356508711290768
1.36664895967742    0.8944804997056529    0.47216845997176715
0.288618604838707    0.3651537450604834    0.07653514022177643
0.594391866935492    0.6951937897338785    0.10080192279838651
0.0713003911290357    0.14820987283064654    0.07690948170161084
1.36036539919355    0.916111622366933    0.44425377682661704
0.557611877016129    0.5240395581491982    0.033572318866930795
-0.557211693548386    -0.11586385438709744    0.4413478391612885
-0.251696709677418    -0.20369528107257973    0.04800142860483825
0.0454408629032308    0.022713666487906393    0.02272719641532441
0.515001887096776    0.2776096096088716    0.23739227748790437
0.49348164112903    0.1802918796653228    0.31318976146370714
-0.890226189516135    -0.5341272941733932    0.35609889534274175
-1.16572329032258    -0.2133432290443535    0.9523800612782265
-0.910394145161291    -0.8004235753870902    0.10997056977420083
0.247810366935489    -0.08722330122580584    0.3350336681612948
0.0194166411290375    -0.00696122389919025    0.02637786502822775
-0.134450100806454    -0.04291274820564716    0.09153735260080684
-0.388287872983874    -0.275721587604842    0.11256628537903202
-0.222691693548384    -0.28498314395765784    0.062291450409273835
1.25620504032258    -0.06026106364919194    1.316466103971772
0.0293691129032325    0.2812995561088731    0.25193044320564056
0.574211137096775    0.4793540013145164    0.09485713578225857
-0.195309858870971    -0.04401281947984033    0.15129703939113065
-0.0889814395161359    -0.09393607675806712    0.004954637241931223
-0.728233290322581    -0.04289142491532204    0.6853418654072589
0.187284104838707    0.014881982302417527    0.17240212253628948
1.18938811693549    -0.03701787823790282    1.226405995173393
0.951201391129036    0.7913416304193561    0.1598597607096799
0.914676399193546    0.7800189434999956    0.13465745569355048
0.212346127016129    0.3755011201229862    0.1631549931068572
1.23718880645162    0.9468366695443635    0.2903521369072566
-0.0023884596774195    0.1693707606088705    0.17175922028628998
1.49876336290323    1.0056335516008044    0.4931298113024256
-0.328271362903223    -0.1110407911774173    0.2172305717258057
-0.647229608870973    -0.449738965963717    0.19749064290725604
0.455346060483866    -0.24141631285483864    0.6967623733387046
0.849257709677417    0.44444460809677505    0.40481310158064193
0.43704785483871    0.3087219884314525    0.12832586640725752
0.0708498669354896    0.14292975327419782    0.07207988633870822
-0.669406858870964    0.1626805563750011    0.8320874152459651
-0.0963503508064534    -0.10690311756048486    0.010552766754031453
0.53641112701613    0.2476055256370964    0.28880560137903366
0.868888806451615    0.7336327572338731    0.13525604921774192
-0.258700959677419    -0.05994822604435452    0.1987527336330645
-0.163240637096767    0.06830845233468222    0.23154908943144922
-0.0989456129032256    -0.11286556200201668    0.013919949098791087
0.29800439112903    0.03038685536290267    0.26761753576612735
-0.359200939516136    -0.28249188183669915    0.07670905767943687
-0.19369404032258    0.04158448138104982    0.23527852170362984
1.01270935483871    -0.08961767258266115    1.1023270274213712
1.01646861693549    0.71635116060484    0.3001174563306499
-0.226312608870963    -0.07306272330241632    0.15324988556854668
0.508448649193547    0.5401258665806461    0.031677217387099055
0.306517127016129    0.300536339971776    0.005980787044353009
-0.0203374435483852    0.05842564697177458    0.07876309052015978
0.44396854032258    0.19913475366935662    0.24483378665322336
0.857904612903234    0.4954964338508148    0.36240817905241923
0.514030637096777    0.36576576113709797    0.14826487595967902
0.771139641129029    0.34195876974193906    0.42918087138708993
-0.709762189516134    -0.1885609167459729    0.5212012727701612
-0.305496540322583    -0.7960069931774258    0.49051045285484285
-0.164245645161291    -0.03405084581048333    0.1301947993508077
0.566330616935492    -0.2324066194677402    0.7987372364032322
-0.367090108870961    0.027155202193552996    0.394245311064514
0.0641993991935443    0.07835512094556187    0.01415572175201757
-0.0309323729838731    -0.06843666659072693    0.03750429360685383
0.948169556451614    0.509166863278224    0.43900269317339
-0.446810459677419    -0.13606388834274222    0.31074657133467676
0.684664112903231    0.41602779937701717    0.26863631352621387
-0.263956862903225    -0.04800743292741778    0.21594942997580724
-0.791197358870971    -0.5674459491532263    0.22375140971774465
-0.219796939516137    -0.19412379168548877    0.025673147830648224
0.34760045967742    0.07637966610887212    0.2712207935685479
0.493731354838708    0.19476541284677262    0.2989659419919354
-0.244137883064511    -0.14131139322177105    0.10282648984273995
0.347705891129038    0.1770602125080689    0.1706456786209691
-0.672463100806453    -0.4349357937379033    0.2375273070685497
0.583653127016127    0.0495953546008076    0.5340577724153195
0.263276056451616    0.26250698054838945    0.0007690759032265571
1.18801179032258    0.1730148546209687    1.0149969357016113
0.219501862903233    0.32764368575403485    0.10814182285080184
2.41858988709678    1.6470416058467838    0.7715482812499961
0.599971141129029    0.6913882895846739    0.09141714845564486
1.28864506048387    0.9314510312782265    0.35719402920564347
1.58553345967742    1.1780458517701664    0.4074876079072536
0.643068354838711    0.7213047234193538    0.07823636858064276
0.0091393669354893    0.12460790655242197    0.11546853961693268
0.182281391129038    0.11767539353225973    0.06460599759677826
-0.914629600806453    -0.5367880837016122    0.3778415171048407
0.830043377016128    0.37423584245564306    0.4558075345604849
-0.637979443548385    -0.34059946569354516    0.2973799778548398
0.224815040322582    -0.3636948303830639    0.5885098707056459
-0.51307813709677    -0.3139446640443522    0.1991334730524178
-0.0901371129032249    0.009522225669354841    0.09965933857257975
0.82011664112903    0.3621358955685478    0.45798074556048224
0.647156060483866    0.6032802168185499    0.04387584366531605
0.88377670967742    0.6177221286048394    0.2660545810725805
-0.589042645161292    0.501907325610887    1.090949970772179
0.386386866935492    0.08959272101210172    0.29679414592339026
-0.606535358870964    -0.4162954805564454    0.1902398783145186
-0.857612350806456    -0.5142981881330655    0.34331416267339054
-0.029244622983871    -0.14597597885887076    0.11673135587499976
0.487040556451614    0.31315297311290385    0.17388758333871013
-0.899197459677421    -0.5233434304798406    0.3758540291975805
-0.439235887096768    0.14234771694758092    0.581583604044349
-1.43623736290322    -0.9892910868467725    0.44694627605644743
-0.571256108870969    -0.4062037268467722    0.1650523820241968
-1.08150743951613    -0.44012733132661414    0.6413801081895159
0.109547709677422    -0.16713619008870625    0.2766838997661283
-0.255461895161293    -0.07992389687903356    0.1755379982822594
0.323664866935491    0.1379504556048418    0.18571441133064923
-0.586764608870961    -0.3683357693145133    0.21842883955644776
0.862267399193549    0.4873672114919351    0.3749001877016139
0.425030377016128    0.38831041439919467    0.03671996261693333
-0.149294443548385    -0.07608799064112691    0.0732064529072581
0.290672540322582    0.30699297623387334    0.016320435911291342
0.949013862903232    0.5199820162943575    0.4290318466088745
-0.186613862903226    -0.06146569627822589    0.1251481666250001
1.75443414112903    1.1784463398870981    0.5759878012419319
-0.473606689516135    0.6800111870242007    1.1536178765403358
0.387990459677418    0.3746984062701585    0.01329205340725953
-0.0772926451612932    0.034994449274192915    0.11228709443548611
-0.815450633064508    -0.5197951596088651    0.2956554734556429
-0.0442116088709632    -0.17697620550806129    0.13276459663709808
0.924589149193547    0.0691053911451629    0.8554837580483841
0.245410627016128    0.22305897033064445    0.022351656685483556
-0.0261639435483865    0.49711046951209836    0.5232744130604848
0.260253790322583    0.23418550763306484    0.026068282689518163
-0.374068887096769    -0.18761868867338352    0.18645019842338548
0.289523887096777    0.19954134177621216    0.08998254532056485
0.485483891129032    0.2722432553588722    0.21324063577015978
1.26614856048386    -0.024608450991934375    1.2907570114757945
1.03930045967742    0.9541492526249941    0.08515120705242596
0.294835854838709    0.4932137952419349    0.19837794040322593
0.200590116935491    0.19506848565323065    0.005521631282260353
0.243646391129037    0.2717573617701643    0.028110970641127303
0.946811649193545    0.7604245579314469    0.18638709126209807
0.361611127016129    0.45630104280644945    0.09468991579032043
0.166018556451615    0.3864036192177427    0.22038506276612768
0.93693554032258    0.6878532413750021    0.24908229894757783
0.549917112903231    0.6677243201008152    0.1178072071975842
0.713159887096776    0.47913850081854686    0.23402138627822916
1.12745639112903    0.6686479439455658    0.45880844718346425
1.94519656048386    1.3402838514878916    0.6049127089959683
0.598550709677419    0.9073587206693512    0.3088080109919322
0.37963335483871    0.39704380482661566    0.01741044998790564
0.380204366935491    0.42623341642339063    0.046029049487899654
0.263823641129036    0.2883660869959696    0.024542445866933604
0.785710649193547    0.5185431830887137    0.26716746610483333
1.29214537701613    1.070953221205651    0.22119215581047902
1.05966580645162    0.9796006116491979    0.08006519480242213
1.89960754032258    1.3851651629919295    0.5144423773306506
1.92717211290323    1.4724442477862933    0.45472786511693664
1.89522138709678    1.5338138723185435    0.3614075147782365
1.63850264112903    1.4177241791612822    0.22077846196774775
0.231222810483867    0.4718035770322575    0.2405807665483905
1.35424095967742    0.7920589937217782    0.5621819659556418
0.950659854838708    0.7565171899274162    0.19414266491129173
2.05498811693549    1.555151858750008    0.49983625818548205
0.457277391129036    1.2263390579435496    0.7690616668145136
-0.773595850806455    -0.288368904181455    0.485226946625
0.684436377016127    0.32497410299596846    0.35946227402015857
0.682314806451615    0.49128838528629226    0.19102642116532276
0.731296290322579    0.5767032730362882    0.15459301728629082
0.662246112903233    0.5090989812036277    0.15314713169960525
0.242242387096777    0.3433715876834705    0.10112920058669347
0.94510539112903    0.054304958516132096    0.890800432612898
1.29548856048386    0.9580370365846749    0.3374515238991851
0.670629209677418    0.7350690899395198    0.06443988026210179
0.280557854838708    0.3486682865624999    0.06811043172379189
0.201676866935493    0.19932143261694052    0.0023554343185524795
0.283136391129037    0.14064279777822808    0.1424935933508089
0.649089149193546    0.6343587680725803    0.014730381120965697
-0.601127872983874    0.470480374512096    1.07160824749597
-0.271646193548385    -0.16484109417338713    0.10680509937499785
0.428569540322581    0.22040755019355107    0.20816199012902992
1.31347836290323    0.7519316017822637    0.5615467611209664
0.109039387096775    0.42818887865322686    0.31914949155645184
0.469011641129029    0.3771249148568508    0.0918867262721782
0.605007560483866    0.3896790061774171    0.21532855430644887
-0.37213029032258    -0.0687277698346772    0.3034025204879028
0.976303604838709    0.6195527798911304    0.3567508249475786
0.115840366935494    0.24797483143146062    0.1321344644959666
0.156150641129038    0.17467266445564814    0.018522023326610126
0.938062649193547    0.6687941494516142    0.2692684997419328
0.934362127016129    0.6094626146975816    0.3248995123185474
-0.049062693548386    0.1343626010967752    0.1834252946451612
0.606801290322579    0.38932679047983865    0.21747449984274037
0.645760862903231    0.4750080777298457    0.17075278517338527
0.338898887096775    0.29816771708064566    0.04073117001612936
0.79684639112903    0.24745764329838602    0.549388747830644
1.76617906048386    1.2678803993427374    0.49829866114112265
0.729804209677418    0.7083537677379002    0.02145044193951784
0.847072354838708    0.5362579859354787    0.31081436890322933
1.51503761693549    1.0183877717661363    0.49664984516935373
1.89910089112904    1.43301004928629    0.46609084184274985
1.36658389919355    1.2623917525766062    0.10419214661694376
0.221319377016126    0.3303124120685472    0.10899303505242122
0.038538056451614    0.32997860290322745    0.29144054645161344
1.07090579032258    0.12066278827016268    0.9502430020524174
1.42087211290323    1.2159280375201589    0.20494407538307113
0.457950637096776    0.4316936110766161    0.026257026020159946
0.287880391129033    0.39587523236290234    0.10799484123386932
0.215020060483866    0.22164295025402964    0.006622889770163648
-0.393846290322582    -0.1460961778830659    0.2477501124395161
-0.870587895161293    0.13591129692338763    1.0064991920846806
-0.73305963306451    -0.579616949939509    0.1534426831250011
-0.942157108870962    -0.6334921546653173    0.30866495420564477
0.844332399193547    0.33104262711693566    0.5132897720766113
0.866088127016127    0.5633928596693559    0.3026952673467711
-0.234724943548386    0.009234348987904371    0.24395929253629037
1.75071154032258    1.1314027622096765    0.6193087781129034
0.898453362903233    0.7513977207943636    0.14705564210886934
-0.136577112903225    0.07138924219758108    0.20796635510080608
0.586571891129029    0.42117098470967773    0.16540090641935123
0.633183060483866    0.5060046860080656    0.12717837447580038
-0.663722040322583    -0.27227926656451784    0.39144277375806513
0.439689604838708    0.10445970576209583    0.33522989907661216
-0.73355338306451    -0.4603718173306376    0.2731815657338724
0.0785626411290359    -0.05113006291128754    0.12969270404032343
-0.0103176008064558    0.05348704475201411    0.0638046455584699
-1.02925412298387    -0.5525461047499984    0.47670801823387166
0.0284193064516138    -0.058876854745967565    0.08729616119758137
1.40214479032258    -0.16520214177419373    1.567346932096774
-0.493784637096766    -0.2843433249032192    0.20944131219354684
-0.651569362903224    -0.3431543199999971    0.30841504290322685
-0.60532435887097    -0.412667637645164    0.19265672122580602
0.0587713104838663    -0.2966563781572563    0.3554276886411226
-0.533674540322583    -0.33130879963709703    0.20236574068548596
0.773387604838707    0.42003019253225804    0.353357412306449
0.304198866935494    0.3647549174274273    0.060556050491933355
-0.641313358870963    -0.40710291887903083    0.23421043999193214
-0.493406850806451    -0.32249476738709604    0.170912083419355
0.732860877016126    0.29009283113306156    0.44276804588306445
-0.259133943548385    0.6205509446370995    0.8796848881854844
-0.92298545967742    -0.7026645165564521    0.22032094312096784
0.729932862903233    0.30525004823790614    0.42468281466532687
-1.01064761290322    -0.5286518090927386    0.48199580381048146
-0.49997935887097    -0.43970753867742196    0.06027182019354804
