23.407987000000002
23.408050333333335
21.365697
19.442967333333332
17.22281633333333
15.476366666666665
15.001907666666668
17.2522
18.052164333333334
19.949760333333334
20.271901333333336
21.799527333333334
22.07638266666667
21.764167999999998
22.151827666666666
19.268542
15.654103666666666
13.818715166666669
12.593274333333333
14.285545333333332
16.523224000000003
16.561851333333333
19.872538000000002
21.311477999999997
23.179273
22.519220666666666
22.43847666666667
20.002280666666667
16.84871933333333
14.648203666666667
15.507683
15.868835333333331
18.579531333333332
18.415710333333333
19.882108000000002
20.70106766666667
21.875539333333336
22.343724666666663
21.810908
19.745658666666667
17.214826000000002
13.482510666666668
12.460808
15.167877166666665
16.825337666666666
17.591000999999995
18.696169333333334
20.740193666666666
22.355247333333335
23.357889666666665
20.09182733333333
19.339281666666665
15.9373905
16.042045333333334
13.381673
15.884211333333333
16.514821666666666
18.406369666666667
19.960197666666666
21.826578666666666
22.897644333333332
22.452494333333334
21.793846
19.633301
17.009676666666667
16.058423333333334
15.016026666666667
13.833888
15.396021666666664
17.278190666666667
19.614352333333333
21.313852999999998
22.077285999999997
22.168584
21.11043
19.710889333333334
18.707023666666664
14.466468666666666
15.1385855
16.963287333333337
17.432037333333334
20.294680333333336
20.027048666666666
21.421531666666667
22.691444333333333
22.508781666666668
21.87925733333333
17.077441166666663
14.562672999999998
14.672772666666667
14.947387666666666
15.696220333333335
16.192499666666667
18.21639
21.624148
22.19645433333333
22.690050333333332
23.485247333333334
22.068061666666665
19.58181
17.590301333333333
15.511439000000001
14.655293666666665
14.859779333333336
16.978973333333332
16.881429
20.209604666666667
21.255488
23.01858266666667
23.598116333333333
22.698517
20.53998833333333
17.999829666666667
15.996943000000002
14.995025666666669
15.317543333333333
16.828064
18.142944333333332
18.936989333333333
22.18050633333333
23.668625000000002
23.73799133333333
22.200589333333337
18.584073
15.619722999999999
13.493301333333333
14.7569505
15.494992333333334
17.824430000000003
18.201047333333335
19.984928999999998
22.205436666666667
23.033663
22.42146
22.08575466666667
18.802009666666667
18.572789666666665
17.665476333333334
14.593551666666665
15.403320666666666
16.787719499999998
17.870788333333333
19.961802000000002
21.882380666666666
23.766380666666663
24.324506333333332
22.06889333333333
21.744761333333333
17.354215
16.315978666666666
15.223304833333332
13.919629333333333
15.618474666666666
18.118291333333335
19.08826966666667
21.970944333333335
23.362500333333333
23.386759666666666
22.294606333333334
19.37243666666667
17.687494666666666
14.012804333333333
15.844576666666667
15.339464666666666
16.427388666666666
17.832123
19.75187933333333
20.94679766666667
22.405270666666667
23.334294666666665
22.412242000000003
19.431434333333332
16.960187333333334
15.359235333333332
13.366309999999999
16.414444
17.175508999999998
17.931653333333333
19.782885333333336
22.03152233333333
23.354558333333333
22.646947333333333
21.613197333333336
18.793566666666667
16.848508499999998
14.355718000000001
14.357594666666666
14.640431666666666
15.80984233333333
17.766105999999997
20.209861666666665
22.522275333333337
23.519482999999997
24.920603333333332
22.850537666666668
19.349304333333336
17.369581
15.808753666666668
17.626263666666663
16.128077
18.420023666666665
19.954818333333332
20.58649733333333
21.82982133333333
23.435646333333334
23.078081666666666
22.826049666666666
18.843350666666666
15.863540666666665
14.871742333333332
16.120551666666668
14.855779166666666
17.125786
19.795687333333333
20.471445666666668
22.153083666666664
21.674581000000003
23.36515266666667
20.81471
18.661674333333334
15.778117
13.593002333333333
13.816449333333333
16.668251333333334
15.993268
19.176803666666668
19.286646333333334
21.929700333333333
22.484525333333334
23.376897
24.221908666666664
21.169166666666666
18.55891433333333
14.563573
14.265836
15.307304666666667
14.703946666666667
18.254544666666668
19.921799000000004
22.437744
23.138267666666664
24.12120333333333
22.004163333333334
19.68399033333333
19.229410666666666
14.325139333333333
14.196119000000001
15.994166333333334
16.929446
17.300000333333333
21.006698999999998
21.202651666666668
22.146039333333334
23.346603666666667
22.127261
19.687014333333334
17.052243333333333
16.286799
15.317774333333332
16.565506
17.639958333333336
18.286064
19.843200999999997
21.644249000000002
23.74788633333333
23.275713666666665
21.343256666666665
19.895319333333333
17.93491333333333
13.550669333333333
14.603599666666666
15.487551333333334
14.992039999999998
18.592307666666667
21.093900333333334
22.681361
24.562884
25.416442999999997
22.37367233333333
19.356305333333335
18.352780666666664
15.5875725
14.908048
13.489237666666668
16.203941333333333
19.410115666666666
19.766932333333333
20.767199333333334
22.498189
23.47793866666667
22.82047
20.505521
16.739355
15.015869
14.934148
16.63987966666667
17.24482233333333
19.389623
21.518638666666664
22.538218333333333
24.268028666666666
23.83677966666667
22.284288666666665
21.254046333333335
18.319702
16.580602000000003
15.125775333333335
16.389925666666667
16.947065
18.47411633333333
20.887087333333334
22.436058333333335
23.57804333333333
23.407956666666667
22.65472433333333
21.103932666666665
15.674321333333333
13.690603000000001
16.603914333333332
14.915951999999999
15.590067666666668
18.080622333333334
20.731906
22.295028666666667
24.259404333333332
22.247654999999998
23.709070999999998
19.330650000000002
15.240308
12.871849333333332
13.078832
15.661199000000002
16.655929333333333
17.827593
19.86798333333333
22.444109666666666
22.948880666666668
23.370613333333335
22.480209333333335
20.430979333333333
16.685043333333333
15.119974666666666
13.175582666666665
15.361760666666669
15.784452333333334
16.985512
19.870340666666667
22.12567633333333
22.950830999999997
23.276247666666666
22.622012
21.341590666666665
15.927113833333332
13.882964999999999
12.670964333333332
14.8362835
15.337822000000001
19.729415666666668
21.660909
21.56586466666667
22.181366333333333
22.452606000000003
22.232851666666665
20.032598333333336
18.156318666666667
15.589497833333333
13.907221333333332
15.915944333333334
17.12146233333333
19.056155
20.385307333333333
23.196004333333335
23.182243333333332
23.838996999999996
22.529899666666665
20.059481333333334
17.043075666666667
16.831176666666668
13.188199666666668
14.096827
16.537119666666666
18.611424666666668
19.667287
21.637535333333332
23.420354
22.461125666666664
22.303199666666668
21.265390666666665
17.475001000000002
14.600563
13.933189333333333
14.414789833333336
15.416641333333333
19.41922466666667
21.632298666666667
22.250707000000002
22.448115333333334
23.549677000000003
21.692135666666662
19.569295
18.914741666666668
14.801313
15.091695166666668
15.166773
17.469314666666666
19.02565566666667
20.464164666666665
23.596806666666666
23.68415566666667
22.614296
21.922004333333334
19.439117666666665
16.554260333333332
15.140101333333334
16.267895999999997
16.295972333333335
16.5083135
17.527427666666664
20.673306333333333
22.466056999999996
23.36161766666667
23.074493333333333
21.90025066666667
20.699221333333334
17.190030333333333
13.690274666666667
12.312996
15.127072666666665
15.923123666666667
18.964843666666667
20.745506000000002
22.940905333333333
23.619746000000003
23.448026
21.67703733333333
19.752080333333332
17.199854666666667
15.077606166666667
15.710034666666667
16.492363
17.267931666666666
18.276387666666665
20.562705666666663
23.162986666666665
23.542905
23.26414966666667
22.052846666666664
20.1741
16.878189333333335
14.385961
15.233721333333333
16.231363666666667
16.373426
18.389546666666668
20.029681
21.932141333333334
22.977808333333332
23.116511333333335
23.442260333333333
19.040473666666667
16.128087333333333
14.294235
14.460495
15.380490333333332
17.217707333333333
17.273709666666665
19.078188666666666
21.869138333333336
23.171778333333336
22.805493333333335
21.948750666666665
20.512242999999998
16.823336333333334
16.667434666666665
12.152135333333334
14.161824333333334
15.890039999999999
19.463694333333336
20.243853
22.427070333333333
23.873420666666664
24.48364533333333
23.878835
21.334604666666667
16.641439000000002
16.029978333333332
15.034205333333333
17.522409999999997
17.100278333333332
19.602142666666666
21.101659333333334
21.682414000000005
23.269605
22.540255333333334
24.516296666666666
21.296094333333333
18.765208
16.043154666666666
14.425214166666668
16.72014366666667
15.797904666666668
20.609243000000003
21.286305333333335
22.639920666666665
23.553848333333335
24.839078333333333
22.892507
20.164154
17.184476333333333
16.812462
15.354474333333334
14.345934333333332
16.097125000000002
18.814845333333334
20.490470666666667
21.424003666666668
22.446691
22.56349933333333
21.739362333333332
21.315038
15.994982333333335
15.683064666666667
14.270698666666668
15.504117666666666
18.424466666666664
17.99087
20.06167333333333
21.55872066666667
23.365465666666665
22.77995833333333
22.773569666666663
20.711918999999998
18.494598666666665
18.078712333333332
15.169011333333335
17.034368333333333
15.580457000000001
18.881553666666665
20.629391666666667
21.725168666666665
24.244537333333337
23.413694000000003
23.248776666666668
19.915255
15.701889
16.182517999999998
16.910118
15.990343666666666
16.031733
19.210454
20.145891666666667
23.264701666666667
23.468841666666666
23.470179333333334
23.983856000000003
21.31667566666667
16.015866666666664
15.605847333333335
13.229270999999999
14.832166
18.532086666666668
19.973689000000004
19.908452333333333
22.668299333333334
22.60781366666667
22.787366000000002
22.42465
19.635495333333335
16.796704666666667
14.133456
16.13948566666667
16.037229
15.696065333333332
18.629887999999998
20.068171333333336
21.407012999999996
21.986018
23.11472566666667
22.73164866666667
20.102327666666667
17.661135333333334
13.637135666666666
13.360171
15.980214333333334
17.099735999999996
18.131304333333333
22.947072333333335
22.830444333333332
23.609191999999997
24.813227333333334
22.481264666666664
19.695335333333333
17.142848
15.252728666666668
15.242047666666666
14.602821333333333
17.194501666666667
17.543538666666667
20.113215333333333
21.994547666666666
24.339495333333332
23.793802999999997
21.656034333333334
20.30381
16.830548833333335
14.393180666666666
14.276982666666667
15.069455333333332
15.870969
18.933517666666663
19.902130000000003
21.529945
22.631220666666668
24.623222333333334
22.313771666666668
19.875516333333334
17.587359000000003
15.139305
14.106023333333333
17.500409333333334
17.93486266666667
20.213147333333335
21.32091266666667
24.119585666666666
22.419916999999998
23.372423666666666
21.218495666666666
19.764175666666667
17.154749666666667
15.647183333333333
13.882067333333334
14.627481666666666
17.142031666666668
18.863045
20.96222433333333
23.243949666666666
24.978848666666664
24.956304000000003
22.405817666666668
20.33396666666667
17.247927333333333
15.979258333333334
15.378278333333334
16.08686833333333
18.13557433333333
20.262128333333333
21.519205666666664
23.002955
24.488609666666665
23.675366666666665
22.678813
20.533790666666665
18.028828999999998
16.076598999999998
16.0316875
18.979540333333336
18.111559333333332
18.860585333333336
20.334367999999998
22.863054666666667
23.790580666666667
24.430162999999997
22.342656666666667
22.48550366666667
15.916368999999998
12.382216999999999
14.665931833333334
15.707357000000002
16.516115666666664
18.593981
20.215761666666666
22.71593466666667
24.332565666666664
24.924321333333335
22.485953999999996
19.959315
18.446403333333333
16.305414666666668
15.795575666666666
17.012825
19.847038333333334
19.586878333333335
20.088801333333333
22.57136033333333
23.29343666666667
22.694938333333337
22.86126933333333
21.945543999999998
18.381283999999997
14.960307
15.474907000000002
14.673133833333333
18.288465
19.11346933333333
21.219345333333333
23.274442333333337
25.641739
23.412513666666666
22.539563333333334
21.521433666666667
19.22847
18.014869666666666
14.708908000000001
15.448041333333334
17.054552666666666
20.452812333333334
21.031746
22.616531666666663
23.451174666666663
22.905728999999997
22.49574266666667
19.525502333333332
16.721497
16.654961
14.562937666666668
15.728403333333333
17.815884666666665
19.426343
20.377713333333332
22.460037
23.467168
23.00787366666667
22.749463333333335
20.059155666666665
16.310081333333333
14.846214333333334
13.536473666666666
16.117988666666665
18.100204333333334
18.267270333333332
20.69727333333333
21.875073666666665
24.14850366666667
23.793706333333333
22.45621733333333
19.489863333333332
16.051017666666667
14.07412966666667
16.431404333333333
15.100550333333333
15.544685333333334
18.46534
19.366974
22.311363
