1961-01-01    -0.0865019585253463    -0.273012502859449    0.1865105443341027
1961-02-01    -0.5019045460829439    -0.273012502859449    0.22889204322349488
1961-03-01    0.0895509585253435    -0.273012502859449    0.3625634613847925
1961-04-01    -0.2582306036866448    -0.273012502859449    0.014781899172804203
1961-05-01    -0.3083973801843243    -0.29237687858755324    0.016020501596771042
1961-06-01    -0.7550986612903188    -0.5283702025092164    0.22672845878110237
1961-07-01    -0.0323221705069158    -0.3069721378732698    0.27464996736635405
1961-08-01    0.697489940092165    0.6178466594907845    0.07964328060138048
1961-09-01    1.2504927534562178    0.9034816450668209    0.34701110838939686
1961-10-01    0.5190299815668133    0.5528518047165836    0.033821823149770225
1961-11-01    -0.3258333018433106    -0.2047990159930848    0.1210342858502258
1961-12-01    -1.0985128248847928    -0.7225650539423917    0.37594777094240117
1962-01-01    -0.8199788156682004    -0.8463945984930831    0.02641578282488266
1962-02-01    -0.7340579746543732    -0.7386783280368651    0.004620353382491893
1962-03-01    -0.7126201843318007    -0.7300656424746539    0.017445458142853143
1962-04-01    -0.7897741751152019    -0.7636831852165896    0.02609098989861225
1962-05-01    -0.7074588087557565    -0.7927437692350215    0.08528496047926504
1962-06-01    -0.8931196612903172    -0.7926138158847875    0.10050584540552965
1962-07-01    -0.5862883133640615    -0.6209664684838714    0.03467815511980987
1962-08-01    0.4970720829493125    -0.5450415952995425    1.042113678248855
1962-09-01    0.699656467741935    -0.11939810396313587    0.8190545717050709
1962-10-01    0.1102055529953922    -0.021568356373272188    0.1317739093686644
1962-11-01    -0.2971090161290348    -0.18307728738709675    0.11403172874193804
1962-12-01    -0.0702423963133647    -0.15431016207833992    0.08406776576497522
1963-01-01    -0.3326056728110593    -0.2818605423317958    0.05074513047926349
1963-02-01    -0.6599709746543709    -0.33703312155760434    0.3229378530967666
1963-03-01    -0.6203806129032294    -0.6279371966175161    0.007556583714286691
1963-04-01    -0.7330263179723531    -0.6644165167188987    0.0686098012534544
1963-05-01    -0.775710237327182    -0.5861577598294933    0.18955247749768878
1963-06-01    -0.2826620898617484    -0.5529652473179724    0.27030315745622396
1963-07-01    0.2232939723502269    0.3632703396267338    0.13997636727650686
1963-08-01    0.7042902258064565    0.9264655812949354    0.2221753554884789
1963-09-01    1.5057566105990825    1.3109858586889356    0.19477075191014692
1963-10-01    2.051571124423962    1.5804554167672773    0.47111570765668453
1963-11-01    0.3463704124423934    0.7989365016751157    0.45256608923272224
1963-12-01    -0.5314635391704989    0.5296743462096746    1.0611378853801736
1964-01-01    -0.0538993870967807    0.1821531682419396    0.23605255533872033
1964-02-01    0.2923248824884865    -0.006742906536861664    0.29906778902534814
1964-03-01    -0.1235626129032319    -0.07154154444469554    0.05202106845853635
1964-04-01    -0.5528260322580643    -0.6139815854354781    0.061155553177413835
1964-05-01    -0.9680713801843268    -0.8259132185138148    0.14215816167051198
1964-06-01    -0.9952560898617476    -0.8615452954723483    0.13371079438939937
1964-07-01    -0.4905803133640631    -0.6266886729976962    0.13610835963363305
1964-08-01    -0.2608877741935487    -0.4339713363709701    0.17308356217742138
1964-09-01    -0.2027068179723521    -0.29590006355530063    0.09319324558294853
1964-10-01    -0.9573905898617524    -0.2526342871774199    0.7047563026843324
1964-11-01    -0.2836374447004601    -0.285281854071426    0.0016444093709658825
1964-12-01    -0.3481169677419267    -0.30958333965667695    0.03853362808524974
1965-01-01    -0.0882996728110612    -0.17320782090552844    0.08490814809446724
1965-02-01    -0.1731468317972293    -0.21492348000690695    0.041776648209677636
1965-03-01    -0.8409983271889416    -0.2805330679239571    0.5604652592649846
1965-04-01    -0.7916454608294927    -0.6368210235783377    0.15482443725115502
1965-05-01    -0.8407959516128969    -0.7340739551405504    0.10672199647234648
1965-06-01    -0.6226182327188887    -0.6356467368502249    0.01302850413133616
1965-07-01    -0.6575510276497738    -0.6219976149654415    0.03555341268433232
1965-08-01    -0.4977633456221149    -0.4713525313433131    0.026410814278801764
1965-09-01    0.0975023248848003    -0.11861146007142293    0.21611378495622324
1965-10-01    0.1778081244239615    -0.07109912946773718    0.24890725389169865
1965-11-01    -0.2225431589861735    -0.14124024709446806    0.08130291189170544
1965-12-01    0.0013643179723494    -0.08195983744930896    0.08332415542165836
1966-01-01    -0.2204032442396375    -0.15966562631106193    0.06073761792857557
1966-02-01    0.0872275967741984    -0.031364848587555935    0.11859244536175434
1966-03-01    -0.1507861843317997    -0.07384851555529759    0.0769376687765021
1966-04-01    -0.4676244608294979    -0.5673208143963119    0.099696353566814
1966-05-01    -0.7155579516129009    -0.6410773840967705    0.07448056751613041
1966-06-01    -0.7245826612903166    -0.6156140845022997    0.10896857678801686
1966-07-01    -0.328576741935489    -0.4250481433087563    0.09647140137326726
1966-08-01    -0.3109197741935432    -0.3343633993225763    0.023443625129033085
1966-09-01    -0.4019908179723437    -0.3285102049285683    0.0734806130437754
1966-10-01    0.0713291244239613    -0.14120536738479197    0.21253449180875328
1966-11-01    -0.5785193018433148    -0.48178031201151544    0.09673898983179935
1966-12-01    -0.6729468248847859    -0.6393217436336303    0.0336250812511556
1967-01-01    -0.7129071013824912    -0.6226126714792587    0.09029442990323255
1967-02-01    -0.4468632603686551    -0.49079159855759447    0.043928338188939375
1967-03-01    -0.4234424700460799    -0.43787093757602946    0.014428467529949585
1967-04-01    -0.4306751751152085    -0.43240359228110226    0.0017284171658937808
1967-05-01    -0.4036119516128948    -0.430638330377874    0.02702637876497921
1967-06-01    -0.6340282327188866    -0.5651926817557565    0.0688355509631301
1967-07-01    -0.5346621705069161    -0.5465743420691264    0.01191217156221025
1967-08-01    -0.5536860599078324    -0.5209221428847889    0.03276391702304349
1967-09-01    -0.2892221036866331    -0.3847653039170452    0.09554320023041213
1967-10-01    -0.5056671612903223    -0.48298039852073316    0.02268676276958914
1967-11-01    -0.5825245875576002    -0.5278786185990744    0.054645968958525803
1967-12-01    -0.2700811105990723    -0.46271313181566437    0.19263202121659206
1968-01-01    -0.3391996728110626    -0.4141879838387064    0.0749883110276438
1968-02-01    -0.4532489746543717    -0.45863515707833646    0.005386182423964769
1968-03-01    -0.8840263271889448    -0.8422771675069153    0.041749159682029524
1968-04-01    -0.9929658894009245    -0.9747752488479262    0.01819064055299824
1968-05-01    -1.3403595230414709    -1.1075526343363982    0.2328068887050727
1968-06-01    -0.5108406612903167    -0.6097045084193535    0.09886384712903684
1968-07-01    -0.138677027649777    -0.31212328123502536    0.17344625358524837
1968-08-01    -0.5374537741935406    -0.5225663647741913    0.014887409419349296
1968-09-01    -0.9197712465437746    -0.7169722206958457    0.20279902584792897
1968-10-01    -0.323073161290317    -0.4647428166175072    0.14166965532719022
1968-11-01    -0.4981840161290307    -0.4521962023640494    0.04598781376498129
1968-12-01    -0.4240639677419331    -0.3747717515714269    0.04929221617050622
1969-01-01    -0.2103928156682037    -0.24239465308755462    0.03200183741935092
1969-02-01    0.2435924539170599    0.09929482847465984    0.14429762544240005
1969-03-01    0.1797719585253396    0.1501864711658968    0.029585487359442775
1969-04-01    0.1774465391705035    0.16960514648847794    0.00784139268202555
1969-05-01    0.2679216198156773    0.18419336406452155    0.08372825575115575
1969-06-01    0.2536699101382531    0.032343347115211155    0.22132656302304193
1969-07-01    -0.3140520276497724    -0.18182958851612782    0.1322224391336446
1969-08-01    -0.0567753456221176    -0.06053220351382365    0.0037568578917060516
1969-09-01    0.2377466105990784    0.10813624465207397    0.12961036594700442
1969-10-01    -0.2025240184331735    0.1764913685092184    0.3790153869423919
1969-11-01    0.4038644124424024    0.22256815373502783    0.18129625870737456
1969-12-01    -0.0259151105990724    0.028842449889405868    0.05475756048847827
1970-01-01    -0.0300901013824876    -0.02648030518893808    0.003609796193549522
1970-02-01    0.0684260253456265    0.011920557557606869    0.05650546778801963
1970-03-01    -0.0917174700460812    -0.08048474902303937    0.011232721023041833
1970-04-01    -0.2552518894009239    -0.21800225014285704    0.037249639258066874
1970-05-01    -0.1967235230414701    -0.19768952835253137    0.0009660053110612798
1970-06-01    -0.1586975184331791    -0.20347029294469862    0.04477277451151951
1970-07-01    -0.3463027419354922    -0.30756939986636195    0.03873334206913026
1970-08-01    -0.2655437741935493    -0.33698568906451737    0.07144191487096807
1970-09-01    -0.8514209608294898    -0.6166091122258079    0.23481184860368187
1970-10-01    -0.2762993041474644    -0.4346341092396325    0.15833480509216813
1970-11-01    -0.7171451589861704    -0.5968952418387076    0.1202499171474628
1970-12-01    -0.3164633963133596    -0.46713085340552934    0.15066745709216972
1971-01-01    -0.50338567281106    -0.6145470052165879    0.11116133240552795
1971-02-01    -0.9119825460829424    -0.789084244709672    0.1228983013732704
1971-03-01    -0.6345623271889451    -0.7341198303548419    0.09955750316589673
1971-04-01    -1.022695746543775    -0.9166691175023016    0.10602662904147331
1971-05-01    -0.990128665898613    -0.9637570660092165    0.026371599889396524
1971-06-01    -1.0021563755760354    -0.9153938745345546    0.08676250104148087
1971-07-01    -0.4854258847926331    -0.6356837039308733    0.15025781913824016
1971-08-01    -0.8989989170506902    -0.640300995138249    0.25869792191244123
1971-09-01    -0.7526203894009207    -0.7045555970691273    0.04806479233179339
1971-10-01    -1.1560867327188935    -0.728380541184335    0.42770619153455847
1971-11-01    -0.8937957304147481    -0.7088379827235042    0.18495774769124396
1971-12-01    -0.236805967741926    -0.4611005344976928    0.22429456675576678
1972-01-01    -0.7707903870967776    -0.6297897329216611    0.14100065417511654
1972-02-01    -0.7186219746543756    -0.6749458977004605    0.043676076953915066
1972-03-01    -0.5972387557603724    -0.597781024735026    0.0005422689746535925
1972-04-01    -0.775051746543781    -0.6079269704032317    0.1671247761405492
1972-05-01    -0.1132022373271901    -0.24201928837327105    0.12881705104608093
1972-06-01    -0.0597530898617506    -0.09794179009216678    0.03818870023041618
1972-07-01    -0.0363984562212102    -0.07008654984793301    0.033688093626722815
1972-08-01    -0.5207126313364014    -0.12225722823502555    0.3984554031013759
1972-09-01    -0.2387905322580579    -0.1915800525253427    0.04721047973271522
1972-10-01    -0.035795447004606    -0.1950431131935439    0.1592476661889379
1972-11-01    -0.1415020161290314    -0.14396753675114932    0.0024655206221179116
1972-12-01    -0.1766431105990733    -0.14803594559907443    0.02860716499999888
1973-01-01    0.2870186129032284    0.04206472717511819    0.2449538857281102
1973-02-01    0.2922111682027761    0.025268459115210185    0.2669427090875659
1973-03-01    0.2306043870967684    -0.10491393392626444    0.3355183210230328
1973-04-01    0.0397191105990764    -0.36231089130414407    0.40203000190322047
1973-05-01    -0.4475888087557571    -0.3864252076820245    0.06116360107373259
1973-06-01    -0.0414346612903173    -0.25821915283870345    0.21678449154838614
1973-07-01    -0.6509257419354881    -0.6119472707603696    0.038978471175118545
1973-08-01    -0.7404430599078324    -0.7404139011981539    2.9158709678567263e-05
1973-09-01    -0.9530403894009218    -0.8602933178940113    0.09274707150691053
1973-10-01    -0.7083455898617501    -0.7611670387235068    0.05282144886175666
1973-11-01    -0.5450867304147415    -0.665291762999999    0.1202050325852575
1973-12-01    -1.044461253456216    -0.9577432722119819    0.08671798124423424
1974-01-01    -0.9161759585253436    -0.9456309426175088    0.029454984092165182
1974-02-01    -1.0970101175115126    -1.045277484866352    0.05173263264516059
1974-03-01    -0.9620186129032328    -0.9726581857096847    0.010639572806451891
1974-04-01    -0.8580374608294967    -0.8976619417373356    0.03962448090783888
1974-05-01    -0.7782613801843219    -0.8973467666267362    0.11908538644241429
1974-06-01    -0.6666835184331745    -0.951952059101381    0.2852685406682065
1974-07-01    -0.9871293133640576    -0.9778984333456187    0.00923088001843897
1974-08-01    -0.8826927741935435    -0.9334253550414654    0.05073258084792187
1974-09-01    -1.2632093894009166    -1.1509127051198071    0.1122966842811095
1974-10-01    -1.109668161290326    -1.023669616778795    0.085998544511531
1974-11-01    -0.5887984447004584    -0.7520849690691194    0.16328652436866098
1974-12-01    -1.070460967741937    -0.9355803441612959    0.13488062358064112
1975-01-01    -0.7488745299539161    -0.7600341096820302    0.0111595797281141
1975-02-01    -0.7350848317972272    -0.7041165622811054    0.03096826951612175
1975-03-01    -0.5349677557603734    -0.5736320293732727    0.03866427361289937
1975-04-01    -0.4677776036866383    -0.5271581099216617    0.05938050623502339
1975-05-01    -0.7094509516128973    -0.563693063576039    0.1457578880368583
1975-06-01    -0.4770960898617495    -0.7290697770046083    0.2519736871428588
1975-07-01    -1.4880208847926362    -1.216764694792634    0.2712561900000021
1975-08-01    -0.910907202764971    -1.0078156612718918    0.09690845850692087
1975-09-01    -0.8814565322580599    -0.8900279233824903    0.008571391124430394
1975-10-01    -0.927444447004607    -0.7637613617557545    0.16368308524885256
1975-11-01    -0.5983613018433118    -0.7151203425391607    0.11675904069584886
1975-12-01    -0.920405967741928    -0.8797236976175027    0.04068227012442527
1976-01-01    -1.1579639585253432    -0.9716507670230323    0.18631319150231085
1976-02-01    -0.9285691175115076    -0.8948643317373208    0.033704785774186785
1976-03-01    -1.0959824700460814    -0.8579381154285662    0.23804435461751516
1976-04-01    -0.822397889400925    -0.8144584048525303    0.00793948454839466
1976-05-01    -0.6543175230414704    -0.7823109868617458    0.12799346382027543
1976-06-01    -0.8063385184331757    -0.7169039997465376    0.0894345186866381
1976-07-01    -0.547412599078342    -0.5507753127281108    0.0033627136497687005
1976-08-01    -0.2622894884792615    -0.38793849844239775    0.12564900996313627
1976-09-01    -0.7631085322580624    -0.37651265491705205    0.38659587734101036
1976-10-01    -0.5118305898617521    -0.49463513363594097    0.017195456225811145
1976-11-01    -0.5667568732718813    -0.49295081191704615    0.07380606135483514
1976-12-01    -0.2136311105990707    -0.3631168040230341    0.1494856934239634
1977-01-01    -0.187549815668202    -0.4100776347972286    0.22252781912902658
1977-02-01    -0.6216192603686608    -0.5438089489400918    0.07781031142856898
1977-03-01    -0.3464327557603717    -0.5238114383917062    0.1773786826313345
1977-04-01    -0.4877924608294925    -0.5370763250921663    0.04928386426267378
1977-05-01    -0.7961815230414722    -0.7027451284009184    0.09343639464055375
1977-06-01    -0.6017262327188959    -0.6100554887004613    0.00832925598156542
1977-07-01    -0.1587978847926336    -0.333381338958528    0.1745834541658944
1977-08-01    -0.3364027741935445    -0.3465417788571412    0.01013900466359674
1977-09-01    -0.796183675115202    -0.43994069037326905    0.356242984741933
1977-10-01    -0.8631840184331807    -0.675394636133635    0.18778938229954567
1977-11-01    -0.3540378732718814    -0.45393615259907305    0.09989827932719164
1977-12-01    -0.4564106820276414    -0.40975532111059026    0.046655360917051136
1978-01-01    -0.321166244239631    -0.2223629228248846    0.09880332141474643
1978-02-01    0.1363264539170572    -0.02277272469584947    0.15909917861290668
1978-03-01    -0.1352318986175227    -0.10619745609677808    0.029034442520744608
1978-04-01    -0.3937850322580658    -0.20312834402304472    0.1906566882350211
1978-05-01    -0.4219528087557549    -0.45593888526266657    0.033986076506911655
1978-06-01    -0.6722606612903199    -0.5910058194147423    0.08125484187557763
1978-07-01    -0.307014170506914    -0.48190260856220973    0.17488843805529575
1978-08-01    -1.0976302027649751    -0.8301918909400952    0.26743831182488
1978-09-01    -0.924098246543778    -0.798388172506916    0.12571007403686207
1978-10-01    -0.8030530184331788    -0.4299856984654346    0.37306731996774417
1978-11-01    -0.2370254447004569    -0.34921286775114746    0.11218742305069057
1978-12-01    -0.7756231105990707    -0.5540415438847883    0.22158156671428242
1979-01-01    -0.0660962442396382    -0.1313664015161308    0.0652701572764926
1979-02-01    -0.0909431175115145    -0.11388242750690993    0.022939309995395424
1979-03-01    -0.2184031843317981    -0.19196793879723284    0.02643524553456525
1979-04-01    -0.2564316036866358    -0.21328727636866293    0.04314432731797288
1979-05-01    -0.0925185230414733    -0.1511867890921647    0.058668266050691406
1979-06-01    -0.6684529470046066    -0.12347886565898629    0.5449740813456203
1979-07-01    -0.0954480276497768    -0.19623761035484213    0.10078958270506533
1979-08-01    -0.2917896313364032    -0.2868848914700449    0.004904739866358254
1979-09-01    -0.8957721036866353    -0.6812190979631301    0.21455300572350522
1979-10-01    -0.3922385898617584    -0.4116097154654428    0.01937112560368437
1979-11-01    -0.136670016129031    -0.21749731011059972    0.08082729398156871
1979-12-01    -0.2770028248847929    -0.14413290397235018    0.1328699209124427
1980-01-01    -0.301800387096776    -0.21778295318433225    0.08401743391244373
1980-02-01    0.0043374539170564    -0.09303204301843121    0.0973694969354876
1980-03-01    -0.0388550414746582    -0.0195127179585241    0.019342323516134102
1980-04-01    0.0625415391705033    0.001128369497694617    0.06141316967280868
1980-05-01    0.251298476958528    -0.025457987290325168    0.2767564642488532
1980-06-01    0.116466052995392    -0.1591338840000015    0.27559993699539354
1980-07-01    -0.1248523133640588    -0.1789297461659003    0.05407743280184149
1980-08-01    -0.4357193456221182    -0.38722361941935296    0.048495726202765266
1980-09-01    -0.4456446751152008    -0.4512568556958496    0.005612180580648829
1980-10-01    -0.4930098755760319    -0.4832684789308728    0.00974139664515905
1980-11-01    -0.630015158986172    -0.5634981041105944    0.06651705487557757
1980-12-01    -0.1151309677419263    -0.4335646368571402    0.31843366911521387
1981-01-01    -0.1567913870967778    -0.2887349323640542    0.13194354526727636
1981-02-01    -0.0922429746543755    -0.13830925833640337    0.046066283682027864
1981-03-01    0.09159152995392    -0.02310721797234774    0.11469874792626775
1981-04-01    0.0583769677419354    -0.02474121172810807    0.08311817947004346
1981-05-01    0.0608129055299535    -0.21568984251151974    0.27650274804147323
1981-06-01    -0.3019430898617479    -0.25502871306451563    0.04691437679723226
1981-07-01    -0.8823688847926334    -0.4176193022718864    0.46474958252074705
1981-08-01    -0.4914549170506923    -0.6374735661244237    0.14601864907373147
1981-09-01    -0.852021103686635    -0.6605811989124432    0.19143990477419182
1981-10-01    -0.4865493041474664    -0.5008031270414771    0.014253822894010726
1981-11-01    -0.1528667304147504    -0.28327435076958857    0.13040762035483816
1981-12-01    0.0386471751152157    -0.24155654292166118    0.2802037180368769
1982-01-01    -0.6219341013824895    -0.2563024799354818    0.3656316214470077
1982-02-01    -0.2886179746543682    -0.2667290112672769    0.021888963387091342
1982-03-01    -0.1883046129032273    -0.23170554051612927    0.04340092761290196
1982-04-01    -0.3453570322580717    -0.28786372088479856    0.057493311373273126
1982-05-01    -0.1306822373271821    -0.24734379189862404    0.11666155457144195
1982-06-01    0.2454194815668273    -0.03691844406451959    0.2823379256313469
1982-07-01    0.1499425437787991    -0.054955558792628895    0.204898102571428
1982-08-01    -0.3495200599078352    -0.28187489674193683    0.06764516316589836
1982-09-01    -0.561406389400922    -0.44857831198618053    0.11282807741474149
1982-10-01    -0.3014200184331841    -0.32489971982950006    0.023479701396315944
1982-11-01    0.0966526981566815    -0.00880738894470106    0.10546008710138255
1982-12-01    0.0297981751152143    0.1591298172903262    0.1293316421751119
1983-01-01    0.8398101843317995    0.7583677584423996    0.08144242588939998
1983-02-01    1.0071583110599145    0.9104218664977042    0.09673644456221031
1983-03-01    0.759178958525343    0.7903566708479315    0.03117771232258848
1983-04-01    0.7367405391705049    0.7749348054470093    0.03819426627650446
1983-05-01    1.1261986198156748    0.8976967536543871    0.22850186616128776
1983-06-01    0.2570253387096812    0.48928325741474704    0.23225791870506585
1983-07-01    0.60754611520737    0.5377732948202718    0.0697728203870982
1983-08-01    -0.0538322027649762    0.43582215686174686    0.48965435962672305
1983-09-01    -0.1415422465437821    -0.2842245209124435    0.14268227436866138
1983-10-01    -0.6508897327188947    -0.5436077153548369    0.10728201736405785
1983-11-01    -0.2564284447004574    -0.5850691629907808    0.32864071829032343
1983-12-01    -0.4030372534562154    -0.4689877157373195    0.06595046228110413
1984-01-01    -0.6779989585253503    -0.5770306285391672    0.1009683299861831
1984-02-01    -0.547486974654376    -0.49410054244239265    0.05338643221198336
1984-03-01    -0.1022358986175113    -0.24239549862672616    0.14015960000921485
1984-04-01    -0.3891366036866373    -0.3238816994884796    0.06525490419815766
1984-05-01    -0.2230842373271855    -0.26396403090322396    0.040879793576038465
1984-06-01    -0.3194559470046059    -0.27212572452073674    0.047330222483869144
1984-07-01    -0.3057307419354913    -0.3608490120829519    0.05511827014746057
1984-08-01    -0.5436593456221139    -0.4732801743686588    0.07037917125345511
1984-09-01    -0.9327515322580596    -0.5212188678755697    0.4115326643824899
1984-10-01    -0.562915447004606    -0.5073708430460778    0.05554460395852823
1984-11-01    -0.4374551589861717    -0.4492836537096751    0.011828494723503391
1984-12-01    -0.2231322534562174    -0.31270342376036375    0.08957117030414635
1985-01-01    -0.7087905299539194    -0.3500773154562192    0.3587132144977003
1985-02-01    -0.491241688940093    -0.3405631403179708    0.1506785486221222
1985-03-01    0.0541095299539193    -0.07319542866820156    0.12730495862212085
1985-04-01    -0.083307317972352    -0.11198510670506893    0.02867778873271694
1985-05-01    -0.3806218087557518    -0.12160312773732682    0.25901868101842496
1985-06-01    -0.7225588041474573    -0.5153033324608267    0.2072554716866306
1985-07-01    -0.5847105990783419    -0.6586995079262618    0.07398890884791987
1985-08-01    -0.92857305990783    -0.8037662654147384    0.12480679449309162
1985-09-01    -0.674058960829484    -0.7140941049815598    0.04003514415207576
1985-10-01    -0.7072210184331809    -0.7058140527695872    0.0014069656635936623
1985-11-01    -0.706492873271884    -0.7225467048709656    0.01605383159908158
1985-12-01    -1.040355682027645    -0.8597276745023037    0.18062800752534125
1986-01-01    -0.3912562442396385    -0.5365107990414741    0.14525455480183563
1986-02-01    -0.518122974654375    -0.5139674685207356    0.004155506133639353
1986-03-01    -0.4596140414746585    -0.3445481464009209    0.1150658950737376
1986-04-01    -0.0142233179723518    -0.20558372804608321    0.19136041007373142
1986-05-01    0.1204573341013812    -0.26181626392626706    0.38227359802764826
1986-06-01    -0.4572392327188908    -0.42887179475115306    0.02836743796773772
1986-07-01    -0.4442647419354912    -0.42664215465437877    0.017622587281112434
1986-08-01    -0.1742937741935399    -0.4959418694377882    0.3216480952442483
1986-09-01    -0.7439288179723462    -0.6662314158940075    0.07769740207833875
1986-10-01    -0.7802617327188948    -0.6559821402534521    0.12427959246544262
1986-11-01    -0.5024160161290325    -0.4557072029953872    0.04670881313364533
1986-12-01    -0.1770378248847883    -0.28296414335944486    0.10592631847465656
1987-01-01    -0.1871822442396329    -0.11951035164515694    0.06767189259447595
1987-02-01    0.2164333110599123    0.11241696922580843    0.10401634183410385
1987-03-01    0.0603129585253441    0.0726243105391708    0.012311352013826701
1987-04-01    0.3378591105990836    0.13329737435023012    0.20456173624885346
1987-05-01    0.2985723341013866    0.25324062670046027    0.04533170740092635
1987-06-01    0.2561471958525381    0.37959335213825024    0.12344615628571215
1987-07-01    0.8432059723502228    0.5994275844009206    0.24377838794930218
1987-08-01    0.0721083686635957    0.590285077193547    0.5181767085299512
1987-09-01    0.1901191820276508    0.27459576198156416    0.08447657995391336
1987-10-01    0.3971376958525319    0.3461605588571416    0.050977136995390304
1987-11-01    0.2710738410138233    0.3646389896682004    0.0935651486543771
1987-12-01    0.6767340322580715    0.5194814038801897    0.1572526283778818
1988-01-01    0.2521837557603668    0.34501169180645386    0.09282793604608708
1988-02-01    0.3859024539170583    0.3813450721843342    0.004557381732724075
1988-03-01    0.4947668156681999    0.4537357535575993    0.04103106211060059
1988-04-01    0.414104539170502    0.3976627686774128    0.016441770493089203
1988-05-01    0.0575796198156801    0.06993017549309435    0.012350555677414256
1988-06-01    -0.4094883755760286    -0.2637615630092107    0.14572681256681785
1988-07-01    -0.4290313133640602    -0.30061237215207715    0.12841894121198305
1988-08-01    0.1487393686635911    -0.006505128529956755    0.15524449719354785
1988-09-01    0.0124018963133636    -0.008673172963134218    0.02107506927649782
1988-10-01    -0.190469589861749    -0.17239904423962898    0.018070545622120016
1988-11-01    -0.3377763018433128    -0.3143122125668149    0.0234640892764979
1988-12-01    -0.5897365391704952    -0.4987248176589807    0.09101172151151449
1989-01-01    -0.6665921013824878    -0.5900493884101309    0.07654271297235693
1989-02-01    -0.6743041175115145    -0.659170553958521    0.015133563552993556
1989-03-01    -0.7339631843318024    -0.6695114151889408    0.06445176914286166
1989-04-01    -0.3807167465437793    -0.4996495000230441    0.1189327534792648
1989-05-01    -0.7726935230414718    -0.6410272302258077    0.1316662928156641
1989-06-01    -0.3274946612903164    -0.47058275561750484    0.14308809432718844
1989-07-01    -0.80696531336406    -0.6318784950921664    0.17508681827189354
1989-08-01    -0.06731948847926    -0.3004794181198135    0.2331599296405535
1989-09-01    -0.1570135322580625    -0.23783319506912282    0.08081966281106032
1989-10-01    -0.6505045898617539    -0.4785995448709672    0.17190504499078668
1989-11-01    -0.2069920161290319    -0.34500821205990745    0.13801619593087555
1989-12-01    -0.2788742534562161    -0.23105671296774108    0.047817540488475
1990-01-01    0.0419536129032245    -0.021934445472349864    0.06388805837557437
1990-02-01    -0.0917169746543749    0.050217520080644784    0.14193449473501968
1990-03-01    0.0559786728110616    0.09855314887788034    0.042574476066818745
1990-04-01    0.2168238248847913    0.165421089052995    0.0514027358317963
1990-05-01    0.135305476958532    0.1422790278502344    0.006973550891702401
1990-06-01    0.1459071958525335    0.0906261865414742    0.05528100931105931
1990-07-01    -0.5493058847926342    -0.3220972827119845    0.2272086020806497
1990-08-01    -0.1179199170506919    -0.22599272227419273    0.10807280522350084
1990-09-01    -0.4965775322580654    -0.3198854290576035    0.17669210320046191
1990-10-01    0.1799636958525319    0.07045852066589789    0.10950517518663402
1990-11-01    0.1756292695852579    0.14295800073963455    0.03267126884562335
1990-12-01    0.1582277465437869    0.11614051196083532    0.04208723458295159
1991-01-01    -0.180617101382488    -0.049069406306450056    0.13154769507603792
1991-02-01    0.4049104539170542    0.20811733010829653    0.1967931238087577
1991-03-01    -0.0743047557603731    0.05024747405299307    0.12455222981336617
1991-04-01    -0.0673671751152156    -0.03767169628341568    0.029695478831799925
1991-05-01    0.0818381912442411    0.037952152887096406    0.0438860383571447
1991-06-01    0.0364844815668234    0.00533481333871084    0.031149668228112562
1991-07-01    -0.418702599078351    -0.2732387752880232    0.1454638237903278
1991-08-01    -0.7071322027649742    -0.2980087830161339    0.4091234197488403
1991-09-01    -0.5221561036866369    -0.349007813592163    0.1731482900944739
1991-10-01    -0.4627484470045999    -0.12550227183179097    0.3372461751728089
1991-11-01    0.0221976981566882    0.043326010451619525    0.021128312294931326
1991-12-01    0.5147157465437857    0.4516733387603747    0.06304240778341103
1992-01-01    0.5311603271889389    0.4362893283594468    0.09487099882949213
1992-02-01    0.1896194539170572    0.27536580952074147    0.08574635560368427
1992-03-01    0.3425915299539106    0.3498122913502283    0.007220761396317665
1992-04-01    0.4746931105990768    0.4574176991612895    0.017275411437787325
1992-05-01    1.0916087626728164    0.8392461972258122    0.2523625654470042
1992-06-01    0.6200007672811125    0.49212791817051127    0.12787284911060126
1992-07-01    -0.6262084562212031    -0.3277132890322609    0.29849516718894226
1992-08-01    -0.6972970599078288    -0.6292135481797241    0.06808351172810467
1992-09-01    -0.6753989608294866    -0.6248570912442376    0.05054186958524898
1992-10-01    -0.4521537327188945    -0.49535337892857134    0.04319964620967687
1992-11-01    -0.3949840161290296    -0.35323315069815625    0.04175086543087336
1992-12-01    -0.1574405391705049    -0.13780141735253182    0.019639121817973088
1993-01-01    -0.0294648156682022    -0.07830899325115075    0.048844177582948546
1993-02-01    -0.2036771175115177    -0.16611562702995236    0.037561490481565346
1993-03-01    -0.2108486129032307    -0.17653277995161487    0.03431583295161583
1993-04-01    0.0673681105990766    0.02924809965207318    0.03812001094700342
1993-05-01    0.2131710483871067    0.17730355177189552    0.035867496615211186
1993-06-01    0.28011291013825    0.18593632467972673    0.09417658545852328
1993-07-01    -0.1747393133640606    -0.11695623668894119    0.05778307667511941
1993-08-01    -0.6237147741935409    -0.46607432602073096    0.15764044817280998
1993-09-01    -0.4382808179723483    -0.4535048467534557    0.015224028781107402
1993-10-01    -0.4117155898617533    -0.3778710694032287    0.033844520458524596
1993-11-01    -0.2722478732718905    -0.27514971615438033    0.002901842882489847
1993-12-01    0.033917317972353    -0.0688816526658979    0.10279897063825089
1994-01-01    -0.1226329585253509    -0.10592716655069365    0.016705791974657255
1994-02-01    -0.2873876889400897    -0.21834504621889134    0.06904264272119837
1994-03-01    -0.1175374700460807    -0.1450017870322564    0.027464316986175713
1994-04-01    -0.0049980322580651    -0.013459466202765289    0.008461433944700189
1994-05-01    0.1144157626728095    0.02090229385714288    0.09351346881566663
1994-06-01    -0.1139293755760313    -0.11246024818432852    0.001469127391702782
1994-07-01    -0.3970081705069184    -0.31163516426728444    0.08537300623963395
1994-08-01    -0.2985326313364034    -0.28430879921658847    0.014223832119814928
1994-09-01    -0.1182718179723494    -0.2530960064055284    0.13482418843317898
1994-10-01    -0.2780381612903184    0.026540459290323955    0.30457862058064233
1994-11-01    0.0682104124423972    0.0902200348110612    0.022009622368663995
1994-12-01    0.137427317972353    0.12331460877419549    0.014112709198157505
1995-01-01    0.2332206129032243    0.1908199430829495    0.042400669820274794
1995-02-01    0.1541220253456252    0.1632018099354843    0.009079784589859113
1995-03-01    0.1684741013824826    0.15542843779723145    0.013045663585251138
1995-04-01    -0.0456117465437806    0.09754955338248518    0.14316129992626578
1995-05-01    -0.1430385230414721    -0.041756046036862844    0.10128247700460927
1995-06-01    0.0239337672811181    0.03657591464055995    0.012642147359441854
1995-07-01    0.3175085437787892    0.2484304564654318    0.06907808731335738
1995-08-01    0.4818673686635968    0.4069035351981546    0.07496383346544222
1995-09-01    0.2862986105990757    0.32032626917511503    0.034027658576039344
1995-10-01    0.1514581244239643    0.14160290800921563    0.00985521641474868
1995-11-01    -0.3727808732718891    -0.24092619056682002    0.13185468270506906
1995-12-01    -0.0132578248847892    -0.12908226422810828    0.11582443934331908
1996-01-01    -0.3015121013824924    -0.19835437029262684    0.10315773108986556
1996-02-01    -0.0534009746543766    -0.09354571912211841    0.040144744467741814
1996-03-01    -0.0481690414746509    -0.049222844808753136    0.001053803334102238
1996-04-01    0.0375648248847966    0.0016408868318007787    0.03592393805299582
1996-05-01    -0.0203700944700422    -0.07192889007142493    0.051558795601382726
1996-06-01    -0.5134382327188902    -0.3006140124078325    0.21282422031105774
1996-07-01    -0.022140884792634    -0.1279075703156707    0.10576668552303671
1996-08-01    -0.1347830599078321    -0.06808407035253725    0.06669898955529485
1996-09-01    -0.0447856751152038    -0.09640410218432749    0.05161842706912369
1996-10-01    -0.3134543041474593    -0.18551428640552386    0.12794001774193542
1996-11-01    -0.0238065875576012    -0.06224253273732386    0.03843594517972266
1996-12-01    0.3689353179723547    0.18267274775115744    0.18626257022119724
1997-01-01    -0.0591515299539153    0.036248378663598306    0.0953999086175136
1997-02-01    -0.161351546082944    -0.14920275471889105    0.012148791364052947
1997-03-01    -0.2440687557603738    -0.18483309679262783    0.05923565896774596
1997-04-01    -0.0218037465437781    -0.057658360649769834    0.035854614105991736
1997-05-01    0.0190979055299571    0.05044334271428799    0.03134543718433089
1997-06-01    0.7100559101382515    0.48906245788939945    0.22099345224885208
1997-07-01    0.5293634009216532    0.5299827074331761    0.0006193065115228658
1997-08-01    -0.0044340599078296    0.6651440676635896    0.6695781275714192
1997-09-01    0.7799313248847959    0.8273337607281085    0.04740243584331261
1997-10-01    1.0525946958525374    0.9512040102949288    0.10139068555760855
1997-11-01    0.8360105552995414    0.8868948462119808    0.0508842909124394
1997-12-01    0.8236943179723539    0.8585476124377909    0.034853294465436946
1998-01-01    1.083744184331799    1.0501638923917105    0.03358029194008849
1998-02-01    1.6240048824884852    1.426127262281111    0.1978776202073742
1998-03-01    1.228633958525343    1.265549113032259    0.03691515450691596
1998-04-01    1.264220253456216    1.157803584626723    0.10641666882949297
1998-05-01    0.646517048387107    0.779065934797242    0.13254888641013496
1998-06-01    0.5734217672811113    0.6639564302396341    0.09053466295852286
1998-07-01    0.7648055437787988    0.6562799769032288    0.10852556687557002
1998-08-01    0.8323525115207389    0.7165654787511602    0.11578703276957869
1998-09-01    0.4988988963133707    0.5153492298248874    0.0164503335115167
1998-10-01    0.3082894101382507    0.23578804123502461    0.07250136890322606
1998-11-01    -0.2297278732718801    -0.020953040788011745    0.20877483248386836
1998-12-01    0.2317273179723571    0.09546786229032891    0.13625945568202819
1999-01-01    -0.1240759585253457    -0.0619968360253439    0.0620791225000018
1999-02-01    -0.069649117511517    -0.0868402450299519    0.017191127518434893
1999-03-01    -0.1011623271889448    -0.12613274531797386    0.02497041812902906
1999-04-01    -0.276561603686634    -0.22234019925345402    0.05422140443317999
1999-05-01    -0.3872238087557562    -0.289403662156677    0.09782014659907917
1999-06-01    0.0716549101382497    -0.05410317072350197    0.12575808086175166
1999-07-01    -0.1005830276497832    -0.08313393885715034    0.017449088792632864
1999-08-01    -0.260957631336403    -0.19305458821198077    0.06790304312442222
1999-09-01    -0.1947246751152072    -0.17525940584792563    0.019465269267281565
1999-10-01    -0.0695951612903265    -0.10677231956221338    0.037177158271886876
1999-11-01    -0.1232784447004604    -0.12673052963594475    0.003452084935484351
1999-12-01    0.1401873179723551    -0.16614675110829363    0.30633406908064875
2000-01-01    -0.1826388156682021    -0.2306995007442375    0.04806068507603542
2000-02-01    -0.3622024032258046    -0.3125897344032252    0.04961266882257942
2000-03-01    -0.2770754700460855    -0.32045401249539174    0.04337854244930622
2000-04-01    -0.5333770322580662    -0.38479506124193746    0.14858197101612874
2000-05-01    -0.0917286658986142    -0.31476458409908126    0.22303591820046706
2000-06-01    0.0754926244239655    -0.07041578522350024    0.14590840964746574
2000-07-01    -0.6123510276497761    -0.11716229112672338    0.49518873652305273
2000-08-01    -0.1571412027649721    -0.20596898919123943    0.04882778642626734
2000-09-01    -0.4799256751152008    -0.3468942890806377    0.1330313860345631
2000-10-01    -0.3148904470046076    -0.27618532036174603    0.038705126642861576
2000-11-01    -0.1209018732718867    -0.12041217869354373    0.0004896945783429696
2000-12-01    0.0356860322580736    -0.05485562707372614    0.09054165933179974
2001-01-01    -0.54683710138249    -0.3954849656543795    0.15135213572811046
2001-02-01    -0.2909095460829434    -0.23159086253455935    0.059318683548384044
2001-03-01    -0.0122166129032308    -0.041497496617513674    0.029280883714282877
2001-04-01    0.1927665391704991    0.13248858829722943    0.060277950873269676
2001-05-01    0.2629187626728146    0.22866725785944617    0.034251504813368444
2001-06-01    -0.6424493755760352    0.2901727235276506    0.9326220991036858
2001-07-01    -0.0048025990783493    0.32689258823502504    0.33169518731337433
2001-08-01    0.3656796543778817    0.3398255422765001    0.02585411210138161
2001-09-01    -0.1271848179723491    0.35356973236405737    0.48075455033640646
2001-10-01    0.3234926958525363    0.3436780638709702    0.020185368018433902
2001-11-01    0.5391732695852589    0.3685447034377912    0.1706285661474677
2001-12-01    0.4571068894009293    0.43994078244009904    0.017166106960830263
2002-01-01    0.4451844700460832    0.43788249940322993    0.007301970642853262
2002-02-01    0.5192577396313425    0.47708881653226315    0.042168923099079325
2002-03-01    0.3851171013824839    0.406521274891707    0.02140417350922308
2002-04-01    0.228326824884796    0.3089941989170505    0.08066737403225449
2002-05-01    0.5144171912442452    0.4052968539262688    0.10912033731797643
2002-06-01    0.117015338709681    0.25107141577880343    0.13405607706912243
2002-07-01    0.5839405437787946    0.45346273688017985    0.1304778068986147
2002-08-01    0.2617070829493109    0.34313408475575946    0.08142700180644857
2002-09-01    0.1932328963133684    0.26239093031797306    0.06915803400460466
2002-10-01    0.4538542672811054    0.3915284389631353    0.06232582831797012
2002-11-01    0.4337851267281181    0.42518426614746896    0.008600860580649128
2002-12-01    0.3414498894009234    0.41134474351152484    0.06989485411060142
2003-01-01    0.8892747557603755    0.6697764842534573    0.21949827150691825
2003-02-01    0.3549543110599131    0.43190770597235456    0.07695339491244146
2003-03-01    0.123943529953916    0.30088764244931104    0.17694411249539505
2003-04-01    0.2222766820276476    0.25180932539861905    0.029532643370971445
2003-05-01    0.2607651912442428    0.26403332517742284    0.0032681339331800396
2003-06-01    0.3444317672811046    0.29929989547235053    0.045131871808754054
2003-07-01    0.1721859723502277    0.18460980477880165    0.01242383242857395
2003-08-01    -0.1137746313364047    -0.05104332070967661    0.06273131062672808
2003-09-01    -0.238679675115204    -0.13469127599538874    0.10398839911981525
2003-10-01    0.0107405529953972    0.004437763525346613    0.0063027894700505875
2003-11-01    0.1979531267281089    0.13966222967741945    0.05829089705068946
2003-12-01    0.6620491751152144    0.30085634505990627    0.36119283005530817
2004-01-01    0.5639368986175128    0.4136453357096749    0.15029156290783796
2004-02-01    0.0776317396313395    0.2470007981843336    0.1693690585529941
2004-03-01    0.2875381013824842    0.2812319037465408    0.006306197635943422
2004-04-01    0.5179523963133619    0.3916325074101395    0.12631988890322238
2004-05-01    0.0913539055299601    0.13000097899078672    0.03864707346082662
2004-06-01    0.061003767281111    0.07164160694931283    0.01063783966820183
2004-07-01    0.0046786866359411    -0.0029315447004603767    0.007610231336401476
2004-08-01    -0.1512320599078229    -0.09874824148847154    0.05248381841935136
2004-09-01    -0.06786738940092    -0.05299639115207023    0.014870998248849777
2004-10-01    0.0235856958525388    0.07008802190783742    0.046502326055298616
2004-11-01    0.6110942695852515    0.5562842796221144    0.05480998996313713
2004-12-01    0.8175733179723572    0.6549872376912432    0.162586080281114
2005-01-01    1.0394148986175118    0.6329263555622138    0.406488543055298
2005-02-01    0.5665151682027734    0.5457643045944779    0.020750863608295478
2005-03-01    0.4724469585253423    0.49873233770507236    0.026285379179730062
2005-04-01    0.3385926820276452    0.4924664114930887    0.15387372946544348
2005-05-01    0.5032874769585298    0.5871151144976959    0.08382763753916611
2005-06-01    0.918847624423968    0.7231474031566811    0.1957002212672868
2005-07-01    0.2819022580645089    0.4364039655483847    0.15450170748387576
2005-08-01    0.5211927972350239    0.4686856996082937    0.05250709762673017
2005-09-01    0.3758911820276545    0.4245766100553034    0.048685428027648914
2005-10-01    0.6344029815668186    0.5614788937834095    0.07292408778340909
2005-11-01    0.5368675552995441    0.5235565715161339    0.013310983783410224
2005-12-01    0.0732914608295018    0.4418234272580708    0.368531966428569
2006-01-01    0.3351206129032285    0.2736569357050714    0.061463677198157096
2006-02-01    0.2284214539170541    0.20523260546083058    0.023188848456223515
2006-03-01    0.3113466728110623    0.17375812223502432    0.137588550576038
2006-04-01    -0.0273927465437786    0.12064494729954157    0.14803769384332016
2006-05-01    -0.4590943801843252    0.2363293906221228    0.695423770806448
2006-06-01    0.3722226244239692    0.34715585963133905    0.025066764792630147
2006-07-01    0.5948804009216495    0.4174455301290344    0.1774348707926151
2006-08-01    0.530332082949311    0.47417675979723745    0.056155323152073555
2006-09-01    0.3396556105990775    0.4814268690138268    0.1417712584147493
2006-10-01    0.4607701244239628    0.4037930940691223    0.05697703035484053
2006-11-01    0.0911869838709691    0.29085880449308793    0.19967182062211883
2006-12-01    0.5550474608294991    0.5094250385023024    0.04562242232719671
2007-01-01    0.9793898986175088    0.7687852197511507    0.21060467886635814
2007-02-01    0.7007283110599118    0.48093332902304153    0.2197949820368703
2007-03-01    0.3186035299539185    0.3326936311336399    0.014090101179721426
2007-04-01    0.212113396313363    0.26275851342396245    0.050645117110599436
2007-05-01    0.1353591912442482    0.21594567965899056    0.08058648841474236
2007-06-01    0.459848052995401    0.3127538849262672    0.14709416806913378
2007-07-01    0.5071834009216509    0.4032468201566789    0.10393658076497203
2007-08-01    0.1771665115207348    0.4206053458940052    0.24343883437327044
2007-09-01    0.3125297534562179    0.3707257739999951    0.058196020543777205
2007-10-01    0.177291267281106    0.3661553872811021    0.18886411999999608
2007-11-01    0.522851983870968    0.3678982981797209    0.15495368569124707
2007-12-01    0.0126374608294987    0.3057243258018421    0.29308686497234343
2008-01-01    -0.0762705299539199    -0.06279245170046177    0.013478078253458134
2008-02-01    -0.0831749746543728    -0.10894865293087241    0.02577367827649961
2008-03-01    -0.3121277557603754    -0.19983760989401106    0.11229014586636432
2008-04-01    0.094674539170505    -0.02448222805530097    0.11915676722580597
2008-05-01    -0.2513725230414678    -0.12899928600460495    0.12237323703686284
2008-06-01    -0.3762763755760296    0.16205697676036845    0.538333352336398
2008-07-01    0.4349101152073693    0.41569440255760587    0.019215712649763406
2008-08-01    0.6676022258064584    0.5547846990506964    0.11281752675576207
2008-09-01    0.2726851820276543    0.3887575913732772    0.1160724093456229
2008-10-01    0.5420841244239618    0.46639091147926104    0.07569321294470077
2008-11-01    0.3504525552995403    0.3551159270138254    0.004663371714285103
2008-12-01    -0.0063473963133624    0.06513060942857289    0.07147800574193529
2009-01-01    0.1165033271889406    0.05890127209677528    0.05760205509216532
2009-02-01    -0.1547944032258037    -0.06318700868202641    0.0916073945437773
2009-03-01    0.0972383870967696    0.04653043875115039    0.05070794834561921
2009-04-01    0.0928623963133645    0.15413740430875505    0.061275007995390554
2009-05-01    0.3208857626728161    0.23648160472350543    0.08440415794931067
2009-06-01    -0.0042998041474611    0.15554277267742275    0.15984257682488384
2009-07-01    0.5698552580645071    0.5065245610506877    0.06333069701381944
2009-08-01    0.9196850829493072    0.8311992008156621    0.08848588213364506
2009-09-01    0.9842684677419378    0.9301558098294865    0.054112657912451234
2009-10-01    0.8220328387096778    0.8742105626221156    0.0521777239124378
2009-11-01    1.0953345552995373    0.9241781419677372    0.1711564133318001
2009-12-01    0.3326773179723545    0.5822309426543788    0.2495536246820243
2010-01-01    0.6796877557603658    0.6721390605529963    0.007548695207369449
2010-02-01    1.2812395967741992    1.0175784740737304    0.2636611227004688
2010-03-01    1.3840421013824835    1.0649358416267216    0.3191062597557619
2010-04-01    1.0174053963133574    1.027284895405523    0.009879499092165567
2010-05-01    1.0312763341013813    1.014511401110602    0.016764932990779302
2010-06-01    1.0796261958525406    0.9655137497557642    0.1141124460967764
2010-07-01    0.5160519723502226    0.6596538108663579    0.14360183851613528
2010-08-01    0.5805715115207377    0.6464704428986174    0.06589893137787972
2010-09-01    1.0840556105990835    0.920057660861756    0.1639979497373275
2010-10-01    0.7230488387096798    0.7190776257603744    0.003971212949305469
2010-11-01    0.2905878410138349    0.37368114007834646    0.08309329906451157
2010-12-01    0.2904100322580696    0.2597014661106026    0.03070856614746703
2011-01-01    -0.0344051013824895    0.023477242465439047    0.05788234384792855
2011-02-01    -0.0505388317972297    -0.01881517772810767    0.03172365406912203
2011-03-01    0.0128245299539173    0.042522185470046894    0.029697655516129594
2011-04-01    0.2263923963133614    0.191117068907831    0.03527532740553038
2011-05-01    0.4146017626728095    0.4722588914516136    0.05765712877880408
2011-06-01    1.0736666244239714    0.919165360843327    0.15450126358064442
2011-07-01    0.9679776866359368    0.9463910976175146    0.021586589018422142
2011-08-01    0.8221099400921688    0.8338253478433155    0.011715407751146767
2011-09-01    0.7696180391705099    0.6790652048571385    0.09055283431337136
2011-10-01    0.2072319815668137    0.3522744956520698    0.14504251408525612
2011-11-01    0.3119989838709678    0.3644505839193558    0.052451600048388
2011-12-01    0.7332721751152143    0.540276783550697    0.19299539156451728
2012-01-01    0.0838686129032275    0.1819272597073756    0.09805864680414811
2012-02-01    -0.1631295460829456    -0.05609176319124176    0.10703778289170385
2012-03-01    -0.007153184331802    0.03754823754608034    0.04470142187788234
2012-04-01    0.3958543963133607    0.29900752067971986    0.09684687563364086
2012-05-01    0.5979436198156698    0.4778787302603696    0.1200648895553002
2012-06-01    0.674865052995397    0.5113533488271893    0.1635117041682077
2012-07-01    0.3760041152073654    0.4645197606935437    0.08851564548617835
2012-08-01    0.3785012258064562    0.5273062457165851    0.14880501991012896
2012-09-01    0.6843320391705099    0.6659481044493073    0.01838393472120259
2012-10-01    0.7189952672811017    0.6872869291451621    0.03170833813593965
2012-11-01    0.7063796981566774    0.6697736369147447    0.036606061241932775
2012-12-01    0.3732374608295004    0.46793224882949547    0.09469478799999509
2013-01-01    0.5287100414746497    0.3586759444147509    0.1700340970598988
2013-02-01    0.2332581682027701    0.3113275740783442    0.07806940587557412
2013-03-01    0.5510301013824872    0.30876133187097116    0.24226876951151605
2013-04-01    0.6361193963133651    0.39286853181106307    0.24325086450230204
2013-05-01    0.4818424769585299    0.38772862662672947    0.09411385033180042
2013-06-01    0.9565651958525444    0.3884246422949312    0.5681405535576132
2013-07-01    0.2401316866359373    0.2860035587281058    0.045871872092168475
2013-08-01    -0.0298722027649773    0.26167641408294273    0.29154861684792005
2013-09-01    0.3113064677419324    0.2612676621198115    0.050038805622120874
2013-10-01    0.171390410138251    0.1994767156589854    0.028086305520734406
2013-11-01    -0.0317698732718838    0.09535161811521141    0.12712149138709522
2013-12-01    0.5553898894009244    0.4181039361843324    0.13728595321659198
2014-01-01    0.4025814700460799    0.38242443530414455    0.020157034741935365
2014-02-01    0.025793453917057    0.17641213641474962    0.1506186824976926
2014-03-01    0.2025459585253415    0.23090032647465647    0.02835436794931498
2014-04-01    0.4187045391705055    0.4206640136497703    0.001959474479264811
2014-05-01    0.4938056198156708    0.48535384193548625    0.00845177788018453
2014-06-01    0.6611324815668134    0.5753593695391677    0.0857731120276457
2014-07-01    0.4102679723502227    0.45206963886635515    0.04180166651613243
2014-08-01    0.3689935115207348    0.4212778900322529    0.052284378511518126
2014-09-01    0.6430213248847956    0.5069394832165892    0.13608184166820636
2014-10-01    0.0807638387096822    0.2510785487695896    0.17031471005990742
2014-11-01    0.324570412442398    0.30318133681106335    0.02138907563133463
2014-12-01    0.5762737465437873    0.4926732353502381    0.08360051119354917
2015-01-01    0.3908850414746538    0.4374413448110635    0.0465563033364097
2015-02-01    0.4885600253456275    0.44162069486636574    0.04693933047926174
2015-03-01    0.2843148156681998    0.3477685578986179    0.06345374223041805
2015-04-01    0.4359341105990779    0.4057242446635945    0.03020986593548336
2015-05-01    0.4073131912442385    0.43400575120276585    0.026692559958527373
2015-06-01    0.783293338709683    0.5596428664769582    0.22365047223272483
2015-07-01    0.8925821152073681    0.9781254512580586    0.08554333605069053
2015-08-01    1.2572503686635983    1.2050419526751148    0.05220841598848347
2015-09-01    1.5659334677419388    1.507295029278808    0.05863843846313066
2015-10-01    1.618171124423963    1.5612351769838688    0.056935947440094115
2015-11-01    1.4540188410138306    1.4831157341728147    0.029096893158984116
2015-12-01    1.459836032258071    1.44176481287788    0.018071219380191073
2016-01-01    1.4223284700460823    1.3994310176105944    0.02289745243548791
2016-02-01    1.3808564539170582    1.3315699101082947    0.04928654380876352
2016-03-01    1.12557667281105    1.1450031614815612    0.019426488670511333
2016-04-01    1.054363539170513    1.0848338009631413    0.03047026179262824
2016-05-01    1.1383653341013868    1.0472411177788017    0.09112421632258516
2016-06-01    0.6934191958525346    0.8723832392027615    0.17896404335022686
2016-07-01    1.2544995437787954    1.118204185285717    0.1362953584930784
2016-08-01    1.1398197972350204    1.0161769251474633    0.12364287208755709
2016-09-01    0.3198454677419384    0.6088001682580644    0.288954700516126
2016-10-01    0.7169701244239661    0.6931492658571446    0.02382085856682148
2016-11-01    0.9323534124423992    0.8062577077235096    0.12609570471888965
2016-12-01    0.5009831751152163    0.4836119087327238    0.01737126638249248
2017-01-01    0.1031193271889385    0.1424566914608288    0.03933736427189029
2017-02-01    -0.0078916889400879    0.05936577677419539    0.06725746571428329
2017-03-01    0.1214431013824821    0.1710520866543746    0.0496089852718925
2017-04-01    0.5175769677419311    0.4663528455345605    0.05122412220737055
2017-05-01    1.1404119055299589    0.8987204374953945    0.24169146803456432
2017-06-01    0.7954837672811088    0.8058416448456206    0.010357877564511786
2017-07-01    0.5404406866359395    0.8360741379608292    0.2956334513248897
2017-08-01    1.2965345115207398    0.8714690896198211    0.4250654219009188
2017-09-01    0.9354351820276534    0.8223954690944761    0.11303971293317727
2017-10-01    0.8693526958525339    0.7373299999838768    0.13202269586865711
2017-11-01    0.7916839838709677    0.5004807148502327    0.291203269020735
2017-12-01    0.4303560322580715    0.4083935673663621    0.021962464891709388
2018-01-01    0.3178864700460799    0.35218647386866375    0.03430000382258386
2018-02-01    0.2675780253456246    0.3112739126382499    0.0436958872926253
2018-03-01    0.655193815668202    0.5120983756474673    0.1430954400207347
2018-04-01    0.2169066820276448    0.32160349686405265    0.10469681483640786
2018-05-01    0.3484579055299583    0.31894746511290367    0.02951044041705464
2018-06-01    0.1575623387096847    0.24663321543548614    0.08907087672580144
2018-07-01    0.5135438294930808    0.41607879756911786    0.09746503192396289
2018-08-01    0.1868309400921646    0.32316941658294757    0.13633847649078296
2018-09-01    0.6219324677419422    0.5631773619009249    0.058755105841017286
2018-10-01    0.8412378387096773    0.7199998687073726    0.12123797000230463
2018-11-01    0.579993412442402    0.6244655610437813    0.04447214860137927
2018-12-01    -0.3232392534562152    0.547941538850235    0.8711807923064502
2019-01-01    0.3440441843317963    0.4734956345645199    0.12945145023272359
2019-02-01    0.4440263110599147    0.51065775661521    0.06663144555529527
2019-03-01    0.7978753870967701    0.7039690780069127    0.09390630908985742
2019-04-01    0.886901682027645    0.7642567193617528    0.1226449626658922
2019-05-01    0.6936993341013817    0.7599339770437807    0.066234642942399
2019-06-01    1.0408679101382532    0.8816617237027714    0.1592061864354818
2019-07-01    0.7079599723502277    0.7157593377419394    0.007799365391711777
2019-08-01    0.4989957972350289    0.6079518077212022    0.10895601048617326
2019-09-01    1.0812787534562176    0.7902698502972331    0.29100890315898453
2019-10-01    -0.0694180184331862    0.233988417025344    0.3034064354585302
2019-11-01    0.2881015552995443    0.29581917601152413    0.0077176207119798446
2019-12-01    0.4511603179723558    0.4300232578686658    0.021137060103689986
2020-01-01    0.73617204147466    0.5964180447027725    0.1397539967718875
2020-02-01    0.6909155967742038    0.6109610852465522    0.07995451152765154
2020-03-01    0.8148135299539199    0.548567235218901    0.2662462947350188
2020-04-01    0.5552083963133647    0.49417505692396957    0.06103333938939515
2020-05-01    0.4455470483871018    0.49736578457373887    0.05181873618663707
2020-06-01    0.5612241958525388    0.547232314834104    0.013991881018434849
2020-07-01    0.6729516866359369    0.5650534167281119    0.10789826990782492
2020-08-01    0.5801942258064479    0.6484173605714292    0.06822313476498132
2020-09-01    0.8585377534562184    0.7495441739585286    0.10899357949768984
2020-10-01    0.7155638387096808    0.6775507398755762    0.03801309883410453
2020-11-01    0.3283301267281153    0.40759105454377986    0.07926092781566457
2020-12-01    0.3560677465437827    0.2942622784170522    0.06180546812673049
2021-01-01    0.0947747557603619    0.13074188570276235    0.03596712994240045
2021-02-01    0.0156628824884847    0.08607856897004783    0.07041568648156313
2021-03-01    -0.1551941843318012    0.12549925718663588    0.2806934415184371
2021-04-01    0.2014088248847869    0.1729284710529926    0.028480353831794286
2021-05-01    0.330478619815679    0.23248111553225384    0.09799750428342516
2021-06-01    0.3189241958525386    0.28469273448156523    0.03423146137097338
2021-07-01    0.2134664009216536    0.2793952003940052    0.06592879947235164
2021-08-01    0.5094537972350288    0.4150784075000038    0.09437538973502502
2021-09-01    0.5234638963133662    0.41478806598848267    0.10867583032488354
2021-10-01    0.4385512672811096    0.3060411071106027    0.13251016017050693
2021-11-01    -0.057367873271886    0.1080883622811095    0.1654562355529955
2021-12-01    0.1588640322580694    0.12825417142857404    0.03060986082949535
2022-01-01    0.1942588986175089    0.17423252788018273    0.02002637073732616
2022-02-01    0.2828688824884828    0.2203881611152091    0.06248072137327371
2022-03-01    -0.2462567557603741    -0.05936502844700628    0.1868917273133678
2022-04-01    0.1960423963133593    -0.08053443146543691    0.2765768277787962
2022-05-01    0.0226731912442481    0.0376017994470099    0.0149286082027618
2022-06-01    0.0255871958525375    0.09688069504608614    0.07129349919354863
2022-07-01    0.7782709723502279    0.502688958442396    0.2755820139078319
2022-08-01    0.269519225806448    0.3897802936359418    0.1202610678294938
2022-09-01    0.6097838963133633    0.49827677894469735    0.11150711736866592
2022-10-01    0.3989366958525338    0.3873324777004625    0.0116042181520713
2022-11-01    -0.1818885875576015    -0.019730161244237997    0.16215842631336352
2022-12-01    -0.0719048248847862    -0.033951266981562346    0.03795355790322385
