23.797993
23.2385505
23.41181025
23.2945665
22.31549275
21.2300065
22.12171175
25.159088
28.9467295
28.851929
25.33915475
22.98892025
22.689871
23.14026975
22.9985925
22.5719205
21.116873
19.779074
19.0663535
23.55065
27.13649975
22.86993775
23.39243575
22.46695875
23.57483925
22.77738025
23.89749275
22.7430435
21.51925675
20.37609425
21.16625175
24.37874175
27.3240475
30.75986775
24.97958375
23.848204
22.934576
23.108949
23.32695725
23.1209645
20.9687195
20.06998275
20.259813
23.582889
25.10433575
22.32815625
22.325062
22.58760675
22.2710565
22.62624025
21.65933
21.87878575
21.40018825
21.140242
20.45651625
23.08676325
26.069654
23.51924325
23.32979175
23.5756325
23.584789
23.00255825
23.042274
22.73359875
21.52949725
20.748243
21.13641175
22.534199
24.8219695
24.40788425
23.49742825
24.00741825
23.86590725
23.42303625
23.52319325
22.71833375
21.90067175
20.11294225
20.7179605
23.04394875
25.34161575
25.270885
23.35367575
23.513596
24.007408
22.815195
23.41033375
22.1406885
19.5392985
19.801909
20.40588125
22.13215975
22.85830325
24.457395
24.6151485
23.2916785
24.41530625
24.71813225
24.5156925
23.8462195
22.06139975
20.759972
20.477282
22.97404425
25.622526
24.21755275
24.29669825
23.36644025
24.049694
23.80719325
24.01800975
23.37257375
22.037091
21.58511375
20.599067
22.314869
23.90819325
24.381264
23.91829475
24.87597125
24.643965
24.147636
23.8997135
22.8603115
21.16427875
20.09783875
20.67955625
21.972346
23.69040925
22.47647625
22.99355325
23.6338315
24.044728
23.26487875
24.03927575
22.044068
22.37797925
21.51789675
21.139847
22.53498075
24.45422675
24.6359545
24.39268925
24.04155325
25.45493275
25.0065325
24.58997675
24.48195275
21.89792225
22.218141
20.52510675
22.913377
24.39992175
23.7679745
23.682436
23.81214375
23.740883
24.24812375
22.72663875
22.73215825
21.20873225
20.7381025
20.202277
22.47629375
24.49009125
23.698215
24.1022505
23.389553
24.02058625
24.155048
24.39285125
22.921899
21.14918875
20.718399
19.316444
23.080419
25.08460675
24.04619025
23.42186725
23.7484755
24.2540665
23.32386825
23.26738375
22.85592875
21.50210575
20.16323225
20.55040325
22.5482285
22.40562975
23.461334
22.94473825
23.50433775
23.378613
24.06616075
24.80160525
22.88178875
20.935143
20.9016185
22.24571175
23.17535425
23.83091
24.4196625
24.10471525
23.88524025
24.15712725
24.47405425
24.12989825
23.29517225
21.419979
20.362388
21.87202025
21.50277575
23.76115825
24.80635575
23.8717005
23.675778
23.2747
23.78819775
23.724083
22.590965
21.770293
19.60908475
20.405039
23.15951375
22.93510225
25.0681665
23.56551525
23.8715225
23.58093625
23.3344365
24.36119325
23.487766
22.44842875
20.84602975
21.2019285
23.456284
23.1363755
25.594692
23.73125725
23.524561
23.85138125
24.57101825
24.0786875
23.529234
22.49057025
19.84900675
18.6872175
22.850638
24.22167375
23.4859835
23.767384
23.99698975
23.483275
24.144916
23.5203925
22.748629
21.375485
21.83497625
21.7301865
22.906004
23.56212375
24.20011475
24.72611925
23.5106065
23.8021355
24.32052625
23.88859825
23.947534
23.145267
20.62483275
21.49430625
22.05738875
23.502789
23.18389825
22.92948275
23.12921575
24.144054
24.42547025
24.1926665
22.8866
22.90158475
21.172316
21.7092175
21.643288
22.68605175
25.276661
24.61924625
23.75860275
23.20780375
24.587187
24.01123
23.48321375
22.8204655
19.389103
20.01824025
22.5591665
24.27671775
24.2843285
24.5097835
24.38657925
24.10878525
23.9329315
23.988111
24.39254775
23.00038125
20.87136275
20.51550525
22.82974625
23.08324175
23.7719905
25.01282725
23.99080325
24.5050865
23.936813
23.47670425
24.108101
22.02347525
20.9804205
22.52058475
22.23681125
24.623057
25.5281865
24.756695
24.205216
24.98334475
24.123941
24.28444625
24.10031275
22.386233
20.31748575
19.39854625
22.893163
25.667044
24.88766425
24.14924575
24.14201125
23.65680075
23.62489825
23.819965
24.04407075
21.36793725
21.2118925
19.86438975
22.30870775
23.30094
24.7552635
24.5190655
23.29386375
24.51496875
24.12544975
24.90488175
24.41955625
21.62082825
20.91158075
19.70628675
22.81332775
22.806789
25.201719
25.13229125
25.0022885
24.20313525
24.47146625
23.762447
23.515947
22.4076705
21.40794375
20.64263875
22.32384725
24.21672425
24.5761475
24.36464675
24.32488225
23.844438
23.4232515
23.803454
23.46349275
23.05630375
21.972694
20.203715
22.21328475
22.35464675
23.964314
23.565752
23.76559
24.56990275
23.1935345
24.8293775
24.191109
22.01296275
20.92290475
20.90958575
22.28770625
24.44510325
25.00110275
25.60222025
24.528961
24.34468775
24.92547775
24.05213775
23.962564
23.21795025
21.21398875
20.873412
23.177416
25.93302275
26.21255275
25.0668585
24.58714525
24.463344
23.985485
24.58176625
23.191244
22.1261025
21.23988725
22.3133645
23.6696125
25.40749225
24.7652135
23.90030425
24.06118025
24.37401825
24.941012
24.32182925
23.83882725
22.5005565
19.78012825
20.89118025
23.958134
24.06705875
24.66635875
23.91667425
24.5387895
23.705336
24.35607575
23.68546125
22.9995455
21.76853825
20.7990805
21.16865775
22.83762075
26.030636
26.05201775
25.48568325
24.85847825
25.34020975
25.32674375
25.390446
25.22980275
22.115931
21.6457135
22.50347
24.1594445
25.11496925
24.966575
24.1190025
24.182691
24.662849
24.9901565
24.27369475
23.87006775
21.93721625
21.92858
22.176022
23.027121
25.38497375
25.36666675
24.0822945
24.6110535
24.7701495
24.1649685
23.860982
23.96577675
22.55647625
21.8746265
20.0326725
23.892325
23.803415
26.06124375
24.12675625
24.338349
24.61220125
24.9827325
24.2141055
24.65526775
22.27966875
20.84366825
22.28204425
23.7898885
25.2143465
24.6990795
24.4720495
24.017031
24.7883575
24.2698685
25.2190155
25.562065
23.84563375
22.35522125
22.48554825
24.8980605
24.806583
27.38046225
25.63245775
25.61593675
24.449931
24.73341025
24.15967175
23.91841325
22.18713375
22.2109075
21.6445335
22.51628625
24.87762425
25.22135575
24.797773
25.49643575
24.70950725
24.22172325
25.10449825
24.6894755
21.89701725
21.27248625
21.05248825
23.4723125
26.65597775
25.81315475
25.08940275
25.00493375
24.38324725
25.38085425
24.800726
24.85033775
23.25736575
22.531073
21.0517125
24.05606975
24.35649
26.3953445
24.6513
23.98913425
24.87419825
24.611092
24.4793795
23.78310925
21.27390825
21.98233825
22.11707925
24.26663825
24.805239
24.5035185
24.75734875
24.6897175
24.6861265
24.37203025
25.47206925
25.24813475
22.37974575
22.16549075
21.762257
22.88998575
26.77989225
26.498446
25.06798225
24.58656575
23.9821335
23.9466255
23.77613475
23.72512825
21.48351875
21.10094675
21.91033575
24.28838275
24.759455
26.033245
24.955353
24.40074375
24.65947025
24.698908
24.85361625
24.08231425
23.04184775
20.985484
22.03174425
23.14746125
24.79791075
25.06258975
25.43938625
24.11400025
24.578509
25.29208325
25.01800225
24.10259025
22.2948575
22.0550635
21.698318
23.1741005
26.62309325
25.377745
24.1567275
24.9081115
24.3894175
24.34803825
23.77479
24.30119475
22.3284735
21.3399215
22.20912725
23.9385255
25.774411
24.32993325
24.424766
24.296819
23.58658075
24.32670775
24.33315225
24.3566665
21.97905325
21.86812175
21.29929525
23.26241725
25.942547
26.4729695
24.48280925
25.501205
24.21424925
24.62282325
24.6304075
23.24903625
22.922219
22.40173675
21.26041575
22.37618675
24.875023
24.83547425
24.65689725
24.4290525
24.46981025
24.3673155
24.049669
24.09321475
22.16590825
21.871801
21.20976025
23.81007425
26.19695125
26.708275
24.71754325
24.127233
25.528398
24.31613875
23.8669795
24.07559575
22.37062375
21.91336275
21.95023925
24.3320805
26.39666575
27.00252475
25.7639485
25.610146
24.24765175
25.42675175
24.89302025
25.34175325
22.9643435
21.14068175
22.32046475
23.55213825
24.72845825
25.54685825
24.48259325
24.660515
24.89386425
24.50399625
24.83986225
24.00128375
23.58163875
21.51952375
20.41074875
24.2250655
25.93518425
26.300835
24.63570175
24.340505
24.455252
24.29369425
24.9060535
23.635284
22.39219475
21.21561675
21.623246
22.7466215
24.79165075
25.32807975
24.08169575
24.75638425
25.39182525
24.908344
24.82141675
24.50571575
23.4506565
22.5530255
21.3841265
23.903813
27.35850225
26.74907475
25.58909625
24.8239365
25.1112285
24.53958575
24.9362355
23.7721035
20.85957125
21.7478145
21.66320625
23.32079525
26.75402725
26.72592775
25.37405925
25.21282825
24.578493
24.062691
24.0940075
23.53522325
22.30012375
21.136495
20.372711
23.87486425
27.4622425
25.60929725
24.40035375
24.6060925
24.39850075
24.39937075
24.43118825
24.31363275
20.928692
21.13461175
22.32256075
22.74088675
24.70261425
25.04786075
23.66412175
24.06157975
