25.9586377142857
25.484562
26.1619991428571
25.7692332857143
25.5603807142857
24.970868
25.8578121428571
27.5416154285714
28.6817814285714
27.9097098571429
26.6114362857143
25.3305664285714
25.2251608571429
25.2524085714286
25.359828
25.2376897142857
25.1613192857143
24.832847
25.303846
27.3411975714286
28.1309451428571
27.5008854285714
26.6401605714286
26.3588368571429
25.712534
25.3264955714286
25.4520675714286
25.2944375714286
25.0930678571429
25.4433045714286
26.1134282857143
27.5484157142857
28.9370452857143
29.442251
27.28364
25.8976157142857
25.9912402857143
26.2787914285714
25.9488855714286
25.4746378571429
24.9007067142857
24.7307105714286
25.399554
26.5832377142857
27.2285818571429
26.4332892857143
26.6536321428571
26.0809622857143
25.95684
25.8133197142857
25.2314498571429
25.2358184285714
25.0279821428571
25.1033484285714
25.2325832857143
26.3463621428571
27.528791
27.568488
26.7147264285714
26.4304435714286
25.8247364285714
26.0736941428571
25.921662
25.5598394285714
25.1532201428571
25.001384
25.5615575714286
26.5332057142857
27.0292978571429
27.462009
26.3587502857143
25.7561324285714
25.3322325714286
25.5396032857143
25.6490057142857
25.5967887142857
25.4651661428571
25.0919384285714
25.3554721428571
26.2904394285714
27.1420665714286
26.8850127142857
26.354745
26.1589981428571
25.70594
25.5332175714286
25.1884218571429
25.034498
24.5284185714286
25.215126
25.7514572857143
26.3066717142857
26.5115174285714
27.0676067142857
26.4390855714286
26.0050152857143
25.8347468571429
26.230059
26.2522201428571
26.2049104285714
26.1366997142857
25.9796365714286
25.5760822857143
26.7873501428571
27.6690352857143
27.1881558571429
27.341134
26.4031641428571
26.0150495714286
26.0548925714286
25.9807307142857
25.772212
25.6720545714286
25.5672691428571
25.5438315714286
26.5785817142857
26.5798677142857
27.1143805714286
26.2201244285714
26.1126158571429
25.541754
25.074484
25.4378858571429
25.0047681428571
24.8786494285714
24.7238102857143
25.4047084285714
25.9451265714286
26.6786682857143
26.2345931428571
26.0434738571429
26.1922732857143
25.2743492857143
25.2678445714286
25.4752094285714
25.2524121428571
25.7555758571429
25.6662135714286
25.8537358571429
26.3234128571429
27.1924981428571
27.3548844285714
26.7957675714286
26.2524361428571
26.3321582857143
26.2786777142857
26.3030525714286
26.067183
25.4211892857143
25.684532
25.2392085714286
26.1036824285714
26.4782482857143
26.6823342857143
26.3921828571429
25.384618
25.1289637142857
24.8894564285714
25.1104295714286
25.1694264285714
25.0905167142857
25.0592831428571
24.903005
25.9614327142857
26.1680792857143
26.2810117142857
26.3484711428571
25.3586182857143
25.2962651428571
25.2513817142857
25.5374804285714
25.5596862857143
25.1593271428571
25.2488705714286
24.4021134285714
25.9332182857143
26.5498321428571
26.4632354285714
26.3389082857143
25.5086732857143
24.8871757142857
25.0578974285714
24.9764657142857
25.205066
25.2144605714286
24.9196281428571
25.3427217142857
26.581836
26.6681801428571
26.8788492857143
26.3705127142857
26.2154481428571
25.8575898571429
25.3648472857143
25.7260154285714
25.5396714285714
25.0725965714286
25.1242404285714
25.7313364285714
26.5077227142857
26.635105
26.5274958571429
26.5832317142857
25.9726685714286
25.7239734285714
26.122793
25.9372162857143
25.6336788571429
25.4468252857143
25.053706
25.5831201428571
25.7464952857143
26.5071904285714
26.5876268571429
26.7002441428571
25.6534561428571
25.9790434285714
25.8955234285714
25.854045
25.7710322857143
25.7762595714286
25.0575137142857
25.7946862857143
26.5523358571429
26.5355165714286
26.9984412857143
26.8005995714286
26.1520764285714
25.7433392857143
25.990804
26.0335931428571
26.0900054285714
26.1200765714286
25.8424327142857
25.765282
26.4084061428571
26.985644
26.89767
26.3072544285714
26.3139482857143
25.8883482857143
25.8942235714286
26.1640397142857
26.0858408571429
25.929591
25.4240235714286
25.0077654285714
26.3526705714286
26.5792675714286
26.9041305714286
26.7844028571429
26.4677264285714
25.4232055714286
25.6978485714286
25.8841435714286
25.6821068571429
25.7380958571429
25.9713861428571
26.0400768571429
26.4946054285714
26.8698822857143
27.0892598571428
27.0339222857143
26.4588774285714
26.8849498571429
26.9936248571429
26.8316271428571
26.7642044285714
26.9949767142857
25.982992
26.4976804285714
26.7902932857143
27.2897464285714
26.7397901428571
26.6808411428571
26.026042
25.3671407142857
25.4389795714286
25.9702122857143
25.6383272857143
25.6456938571429
25.4065107142857
25.5844035714286
26.3004661428571
26.4985371428571
26.8277644285714
26.4998144285714
26.205947
25.3363491428571
25.4952248571429
26.1265577142857
25.9441565714286
25.4881562857143
25.0034078571429
25.3054237142857
25.9155524285714
26.7572297142857
26.6834588571429
26.2307767142857
25.3887235714286
25.6538834285714
25.4683435714286
25.6128341428571
26.0132405714286
25.9892354285714
25.2687274285714
25.4458695714286
26.6698317142857
26.6873598571429
26.6104181428571
26.4348535714286
26.2520414285714
25.8579574285714
26.2028998571429
26.1327611428571
26.365323
26.1673504285714
25.9821138571429
26.7333402857143
26.9162338571429
27.6214078571429
27.7878175714286
27.2083434285714
27.1058132857143
26.2973234285714
26.372369
26.567215
26.4415684285714
25.9263577142857
25.3164782857143
25.461103
26.9928648571429
27.4436905714286
27.2002102857143
26.5994932857143
25.8393427142857
25.3785475714286
25.3121624285714
25.338485
25.6467471428571
25.0960845714286
25.398472
25.083169
26.776806
27.2742751428571
26.7401752857143
26.7302775714286
26.150205
26.0870932857143
25.8947495714286
26.1284268571429
26.2442877142857
26.0040835714286
25.8718738571429
25.3408284285714
26.7262055714286
26.9347111428571
27.5706435714286
27.1128988571429
26.587307
25.8645225714286
26.391377
25.9981434285714
25.9600967142857
25.9506162857143
25.7624511428571
25.4714317142857
26.1369932857143
26.9091325714286
26.9279314285714
26.9594672857143
26.943795
26.5763
26.176086
26.4150397142857
26.502157
26.9603868571429
26.3459674285714
25.2639258571429
26.1468284285714
26.7558897142857
26.9385261428571
26.5422855714286
26.2716387142857
26.0156748571429
25.7827894285714
25.8615995714286
26.094832
26.0819491428571
26.0060795714286
25.715395
26.2204107142857
26.9930078571429
26.9789642857143
26.6650217142857
26.4629965714286
25.9225067142857
25.6990788571429
25.9549107142857
26.0224658571429
25.9831938571429
25.6120372857143
25.4931261428571
26.5455928571429
27.3130168571429
27.1126417142857
27.00548
26.5665065714286
26.2783602857143
26.1405885714286
26.2409222857143
25.9818521428571
25.7257395714286
25.7499004285714
26.2076428571428
27.3259928571429
27.7175872857143
27.542138
26.5644887142857
26.4158214285714
25.7436275714286
25.9330655714286
26.0242791428572
26.0650287142857
25.848408
25.2125284285714
25.8679934285714
26.7093424285714
27.386503
27.0772255714286
26.913463
26.7980145714286
25.9859881428571
25.825115
25.8283794285714
26.0056601428571
25.887876
26.4360225714286
26.4194977142857
26.8396914285714
28.21122
28.4432745714286
27.7732801428571
27.2527735714286
27.1288838571429
27.6104714285714
27.3010821428571
27.2916841428571
26.5152951428571
26.2993884285714
26.6549398571429
27.676478
27.9301875714286
27.6989692857143
26.7075417142857
26.6608065714286
25.9210637142857
25.9168174285714
25.9712858571429
25.7509022857143
25.4815542857143
25.7976215714286
25.7895512857143
26.5831678571429
27.236564
27.3210847142857
26.8139911428571
26.5692665714286
25.8625008571429
25.6242641428571
25.7953727142857
25.4940868571429
25.7770494285714
25.8014592857143
25.2777832857143
26.6869842857143
26.951363
27.0757894285714
26.8163677142857
26.4647652857143
25.4983025714286
25.695557
26.0602315714286
26.2202304285714
26.1316968571429
25.0835172857143
25.8853317142857
27.2098051428571
27.3041038571429
27.7141725714286
27.4764428571429
26.8861861428571
26.4903241428571
26.5057242857143
26.4575652857143
26.2557907142857
26.3831952857143
25.842982
26.4740748571429
27.1058325714286
27.6245215714286
27.8445341428571
27.3710547142857
26.7705291428571
26.9344144285714
26.3414208571429
26.1963917142857
26.2497405714286
26.1295432857143
26.0703984285714
26.0623202857143
26.7303508571429
27.192609
27.4014204285714
27.1352227142857
27.0911284285714
26.6090765714286
26.0640982857143
26.3599862857143
26.5454162857143
25.960132
25.7869704285714
25.894813
26.6928934285714
27.3634212857143
27.4142655714286
27.5483638571429
27.2466525714286
27.0845545714286
26.5529817142857
26.5448951428571
26.3660565714286
26.3720655714286
26.6448142857143
26.1720365714286
27.3653182857143
27.8071798571429
28.0250828571429
27.4741371428571
26.5023707142857
26.3802602857143
26.214888
26.3837948571429
26.0000711428571
25.4096837142857
26.0981892857143
26.4850147142857
27.3744575714286
27.7709442857143
27.85145
27.0284565714286
26.9841267142857
27.0245295714286
26.6871948571429
26.3910517142857
26.2395772857143
26.0041372857143
26.1858147142857
26.3973177142857
27.021292
27.7438184285714
27.5679711428571
27.4601215714286
26.4417167142857
25.9688691428571
25.9032915714286
25.7603204285714
26.1221384285714
25.6174055714286
25.3496902857143
26.3250444285714
27.5117277142857
27.7039738571429
27.932764
27.2877221428571
26.4227318571429
26.161643
25.8316721428571
26.1696865714286
26.1203262857143
26.1896638571429
25.7216668571429
26.4599895714286
27.7638105714286
28.4155571428571
28.2127127142857
28.0326041428571
26.7617565714286
26.7248274285714
27.2677061428571
27.4564902857143
27.0448692857143
26.9000544285714
26.8055928571429
26.4061862857143
27.424697
28.5153442857143
28.1137287142857
27.2278574285714
26.7194892857143
26.0107345714286
25.9359277142857
26.0852727142857
26.2538562857143
26.2833798571429
26.7996332857143
26.858112
27.6662354285714
28.2009067142857
27.5979118571429
27.2492685714286
27.1623514285714
26.1290082857143
25.823337
26.065295
26.4233182857143
26.4667217142857
26.4008317142857
26.2661384285714
27.2226267142857
28.1156207142857
28.1096751428571
27.6436492857143
26.8023167142857
26.5738497142857
26.2197247142857
26.6234782857143
26.6635832857143
26.3506205714286
26.6825318571429
26.130266
26.8142532857143
27.7425951428571
27.5620702857143
26.9054997142857
26.9844691428571
26.4477211428571
26.01226
26.2749941428571
26.4461684285714
26.3625837142857
26.3870991428571
26.3004022857143
27.213119
28.07431
27.4714437142857
27.26184
27.005353
26.4360247142857
26.4750265714286
26.356763
26.463398
26.2760912857143
26.50926
26.7827164285714
28.1013758571429
28.9972221428571
29.008851
28.3912884285714
27.8889152857143
27.4674681428571
27.367323
27.1980248571429
27.0818274285714
27.0071434285714
26.4193858571429
27.1446338571429
27.9839452857143
27.7511341428571
28.10765
27.869623
26.9300624285714
26.148259
25.9785748571429
26.1938912857143
26.5450408571429
27.00919
26.5214504285714
26.430575
28.14066
28.3667238571429
28.2600325714286
27.7289535714286
26.8594352857143
26.3630261428571
26.2540445714286
26.727642
26.2443705714286
26.217236
25.883529
26.4036781428571
27.0309564285714
28.0532211428571
28.2319177142857
27.517263
26.10584
26.3891838571429
26.4304928571429
26.8703235714286
26.9143655714286
26.5624774285714
26.7668345714286
26.5980942857143
27.3431212857143
28.5125674285714
27.3212618571429
27.2253711428571
26.8802395714286
26.7813117142857
26.6773821428571
26.8872617142857
26.5826722857143
26.3143251428571
26.2871908571429
26.563086
27.4243197142857
28.2898264285714
28.1062437142857
27.2655997142857
26.785147
26.1399144285714
26.0021294285714
25.917254
26.2288727142857
26.1992567142857
26.0448908571429
26.1036007142857
27.3535792857143
27.9547525714286
27.8292311428571
26.8799017142857
26.5879432857143
26.2393985714286
26.2693354285714
25.8261914285714
26.2235062857143
25.8914512857143
25.7515538571429
26.6684052857143
27.1136447142857
28.0410725714286
27.7896165714286
26.755381
26.3571744285714

