1961-01-01    -0.4159850161290279    0.039512028293009614    0.4554970444220375
1961-02-01    -0.9334260967741984    0.039512028293009614    0.972938125067208
1961-03-01    -0.7355701612903296    0.039512028293009614    0.7750821895833392
1961-04-01    -0.3870209435483893    0.039512028293009614    0.4265329718413989
1961-05-01    0.2303529072580659    0.2638245274193546    0.033471620161288684
1961-06-01    0.0998415443548381    0.2829848763642444    0.1831433320094063
1961-07-01    1.0254739354838662    0.737021823837362    0.2884521116465042
1961-08-01    2.017082620967741    2.4445956903293133    0.4275130693615723
1961-09-01    4.036960713709679    3.458260325457016    0.5787003882526625
1961-10-01    3.740813036290316    3.4249329188172086    0.3158801174731072
1961-11-01    0.992320943548382    1.3071827526276922    0.3148618090793103
1961-12-01    -1.1735253427419323    -0.24180775315187936    0.9317175895900529
1962-01-01    -1.5241070161290295    -0.8892235441800999    0.6348834719489297
1962-02-01    -1.0317068467741954    -1.036887284516131    0.005180437741935551
1962-03-01    -1.1487879112903272    -1.1082229818212483    0.04056492946907886
1962-04-01    -1.1096669435483868    -1.1258193933535054    0.01615244980511865
1962-05-01    -0.9682668427419364    -1.1997254700806532    0.2314586273387168
1962-06-01    -1.351090955645159    -1.4919532408064595    0.14086228516130062
1962-07-01    -2.029884314516135    -1.8324161049865657    0.19746820952956923
1962-08-01    0.4086446209677419    -1.8923442077822619    2.300988828750004
1962-09-01    2.2267309637096773    -2.0333849700403133    4.26011593374999
1962-10-01    -2.2411782137096843    -1.857170343293007    0.3840078704166774
1962-11-01    -0.954398056451616    -1.287781234133071    0.333383177681455
1962-12-01    -1.695486842741932    -1.4368033454368363    0.25868349730509577
1963-01-01    -0.6391387661290295    -0.9754895596236512    0.3363507934946217
1963-02-01    -1.3945963467741969    -0.9104659433266074    0.4841304034475895
1963-03-01    -0.2498876612903267    -0.8494807070497276    0.5995930457594009
1963-04-01    -0.9385439435483888    -0.8083671024731164    0.1301768410752724
1963-05-01    -0.5658830927419345    -0.4317689617741896    0.13411413096774488
1963-06-01    -0.7540707056451588    -0.3064425695430066    0.4476281361021522
1963-07-01    0.070013935483864    0.8994764842741868    0.8294625487903228
1963-08-01    1.236736370967744    1.744529805396493    0.5077934344287491
1963-09-01    2.414278713709677    2.4605919747782017    0.046313261068524625
1963-10-01    5.648751786290319    4.009777041344076    1.6389747449462426
1963-11-01    0.6327499435483865    1.7611374292069695    1.128387485658583
1963-12-01    -0.3142415927419328    0.9785576432190827    1.2927992359610154
1964-01-01    -1.2794020161290265    -0.4781397068279569    0.8012623093010696
1964-02-01    -1.063027596774198    -0.8278126179569877    0.23521497881721032
1964-03-01    -0.8204231612903286    -0.913359119805106    0.09293595851477743
1964-04-01    -0.5606229435483883    -0.7475335036290311    0.18691056008064288
1964-05-01    -1.116420342741936    -0.9945883838239232    0.12183195891801268
1964-06-01    -1.0601822056451589    -0.997599092889781    0.06258311275537787
1964-07-01    -0.8364248145161355    -0.8731992150739288    0.03677440055779335
1964-08-01    0.4408836209677425    -0.48595958737903305    0.9268432083467755
1964-09-01    0.1945669637096791    -0.341351038380376    0.5359180020900551
1964-10-01    -2.7829597137096838    -0.7716132552217735    2.0113464584879104
1964-11-01    -2.0217718064516177    -1.686597899529571    0.33517390692204674
1964-12-01    -1.5748388427419329    -1.6554774298655779    0.08063858712364502
1965-01-01    -1.9429215161290292    -1.7418527367204202    0.201068779408609
1965-02-01    -1.5457363467741985    -1.5462882552822654    0.0005519085080669672
1965-03-01    -2.4880504112903274    -1.4439764667809236    1.0440739445094038
1965-04-01    -1.802801693548389    -0.8448775944758052    0.9579240990725838
1965-05-01    -0.6849515927419354    -0.5546442639986547    0.13030732874328066
1965-06-01    0.0100770443548405    -0.22890442823924786    0.23898147259408836
1965-07-01    -0.6397215645161367    -0.42541782136089573    0.21430374315524098
1965-08-01    -0.0552421290322584    -0.12005927283938309    0.0648171438071247
1965-09-01    1.1598852137096785    0.6196405915356227    0.5402446221740558
1965-10-01    -1.5918727137096838    0.15954354166330625    1.75141625537299
1965-11-01    -1.0170420564516185    -0.6956741713272824    0.3213678851243361
1965-12-01    -0.5868130927419308    -0.6438396899395102    0.05702659719757941
1966-01-01    -0.629189016129029    -0.6528172071505356    0.023628191021506595
1966-02-01    -1.1694183467741972    -0.9247546138037638    0.24466373297043342
1966-03-01    -1.105106411290329    -0.9203732689986578    0.18473314229167126
1966-04-01    -0.947988693548389    -0.6369874113844136    0.3110012821639754
1966-05-01    -0.5556425927419362    -0.4825613415927472    0.07308125114918895
1966-06-01    -0.3819219556451614    -0.34614961061156335    0.03577234503359805
1966-07-01    0.0401739354838639    -0.1593761240255419    0.1995500595094058
1966-08-01    -0.6078063790322581    -0.4443942406955674    0.16341213833669072
1966-09-01    -0.0877992862903198    -0.2979129761189494    0.2101136898286296
1966-10-01    -0.703231713709684    -0.5561727001243258    0.1470590135853581
1966-11-01    -0.8494055564516181    -0.6866591717708411    0.16274638468077696
1966-12-01    -0.1550273427419313    -0.3474591496740572    0.19243180693212592
1967-01-01    -0.3480707661290303    -0.4685022075840059    0.12043144145497559
1967-02-01    -0.748940346774198    -0.6560703354737887    0.09287001130040928
1967-03-01    -0.6241871612903296    -0.6610488010853504    0.03686163979502077
1967-04-01    -0.9632536935483884    -0.7691183434610195    0.19413535008736893
1967-05-01    -0.184468092741934    -0.45446244757392207    0.2699943548319881
1967-06-01    -1.0172227056451604    -0.7309065235551117    0.2863161820900487
1967-07-01    -0.3782773145161364    -0.4317667842002756    0.0534894696841392
1967-08-01    -0.0980566290322606    -0.1561663994758082    0.058109770443547606
1967-09-01    0.4318469637096775    0.2056743068413952    0.2261726568682823
1967-10-01    0.1597690362903172    -0.026579711169358453    0.18634874745967564
1967-11-01    -0.993158056451616    -0.5849615317002689    0.40819652475134716
1967-12-01    -0.6488495927419322    -0.526746976014785    0.12210261672714717
1968-01-01    -0.206570016129028    -0.4739937335551078    0.26742371742607984
1968-02-01    -1.356781596774198    -0.9968311228024328    0.3599504739717653
1968-03-01    -0.737046661290325    -0.9782821953427491    0.24123553405242404
1968-04-01    -1.5408989435483882    -1.4811952608535088    0.059703682694879356
1968-05-01    -2.5458413427419337    -2.0687168068481117    0.4771245358938221
1968-06-01    -1.3282559556451616    -1.4603679651949033    0.13211200954974167
1968-07-01    -0.6903565645161365    -0.9118237679502802    0.22146720343414372
1968-08-01    -1.0098456290322595    -1.0981659847311933    0.08832035569893382
1968-09-01    -2.0514655362903227    -1.6002031702285142    0.4512623660618085
1968-10-01    -0.6537209637096808    -0.826349063064522    0.17262809935484125
1968-11-01    0.2683146935483869    -0.14736166941532192    0.4156763629637088
1968-12-01    -0.8707670927419322    -0.5057577249059109    0.36500936783602134
1969-01-01    0.2013282338709707    -0.04424966520833109    0.2455778990793018
1969-02-01    0.546155653225803    0.3739963019153238    0.17215935131047916
1969-03-01    0.368312088709672    0.33973280782257775    0.02857928088709427
1969-04-01    0.1646320564516123    0.24461694189515792    0.07998488544354562
1969-05-01    -0.0237400927419351    0.00904115157257864    0.03278124431451374
1969-06-01    -0.3701929556451588    -0.24571115442876745    0.12448180121639135
1969-07-01    -0.6189558145161378    -0.41192993527554517    0.20702587924059263
1969-08-01    -0.1679611290322604    -0.13190088016801316    0.036060248864247246
1969-09-01    0.7127572137096791    0.3583789486827948    0.35437826502688435
1969-10-01    -0.8935632137096832    0.2928825811626343    1.1864457948723175
1969-11-01    -0.0501355564516181    -0.20889667771505735    0.15876112126343925
1969-12-01    -0.7960053427419318    -0.5014974449227095    0.29450789781922226
1970-01-01    -0.1642840161290308    -0.3053161655611525    0.1410321494321217
1970-02-01    -0.3647833467741961    -0.3070389447345458    0.05774440203965031
1970-03-01    -0.1293706612903271    -0.21028142765793267    0.08091076636760558
1970-04-01    -0.3090136935483869    -0.22662831123320112    0.0823853823151858
1970-05-01    -0.0480488427419345    -0.06711824556115525    0.019069402819220753
1970-06-01    0.4549487943548413    0.13891428013104806    0.31603451422379325
1970-07-01    -0.4971708145161351    -0.3849228906619641    0.11224792385417098
1970-08-01    -0.8271363790322575    -0.7141128434106176    0.1130235356216398
1970-09-01    -1.0015755362903214    -0.8309320345732499    0.17064350171707143
1970-10-01    -0.729851963709681    -0.6926474381081988    0.03720452560148213
1970-11-01    -0.4285390564516156    -0.4620464164280948    0.03350735997647919
1970-12-01    0.7135256572580673    0.30926190039986484    0.4042637568582024
1971-01-01    0.4299869838709718    0.2417727604536322    0.1882142234173396
1971-02-01    -0.0243405967741985    0.029964980567873625    0.05430557734207213
1971-03-01    -0.2476669112903273    -0.2543522231149228    0.006685311824595475
1971-04-01    -0.8212759435483861    -0.5589490613272832    0.2623268822211029
1971-05-01    -0.9208610927419336    -0.8151109708904504    0.10575012185148325
1971-06-01    -1.032326205645159    -0.9024096972883074    0.12991650835685153
1971-07-01    -0.4166815645161357    -0.6410470858770166    0.22436552136088095
1971-08-01    -1.1696593790322574    -0.7832915920934119    0.38636778693884544
1971-09-01    -1.2193595362903231    -1.0549464067977123    0.16441312949261078
1971-10-01    -2.634639713709681    -1.1325829652520165    1.5020567484576646
1971-11-01    -1.3532805564516153    -1.099493194398527    0.25378736205308816
1971-12-01    -0.5286140927419325    -0.7234080950033546    0.19479400226142207
1972-01-01    -0.1692500161290304    -0.401625611159275    0.23237559503024457
1972-02-01    -0.907097846774196    -0.6515072283971822    0.2555906183770138
1972-03-01    -0.1081046612903264    -0.4131999505611595    0.30509528927083307
1972-04-01    -1.6375194435483849    -1.0328120455746028    0.604707397973782
1972-05-01    0.2928394072580644    -0.0949796790557795    0.3878190863138439
1972-06-01    0.3877317943548384    0.22918728870631364    0.15854450564852476
1972-07-01    0.0436091854838629    0.09541922326948293    0.05181003778562003
1972-08-01    -0.6070246290322601    -0.11069252356519302    0.4963321054670671
1972-09-01    -0.4555420362903213    -0.2524569965759441    0.2030850397143772
1972-10-01    -0.4751614637096821    -0.25827209787298566    0.21688936583669643
1972-11-01    0.0458554435483833    0.015752062799057772    0.030103380749325528
1972-12-01    -0.1208923427419321    0.013075042032931661    0.13396738477486375
1973-01-01    1.2409547338709714    0.7050707139684207    0.5358840199025507
1973-02-01    0.8345559032258016    0.7359615542641184    0.09859434896168329
1973-03-01    0.4425963387096736    0.6721335325974498    0.22953719388777621
1973-04-01    0.8003653064516136    0.17972412619287984    0.6206411802587338
1973-05-01    -0.1872175927419341    0.07795431695900772    0.26517190970094184
1973-06-01    1.0879760443548427    0.5493997139818527    0.53857633037299
1973-07-01    -0.5711310645161376    -0.27355241076277165    0.29757865375336595
1973-08-01    -0.2286283790322585    -0.3304112535584666    0.10178287452620813
1973-09-01    -0.5098470362903207    -0.5935032950974432    0.08365625880712246
1973-10-01    -1.3431414637096817    -1.0487319358366967    0.294409527872985
1973-11-01    -0.6643978064516141    -0.7559256792809198    0.09152787282930575
1973-12-01    -0.3503018427419313    -0.41157425913306434    0.06127241639113301
1974-01-01    -0.4730950161290295    -0.4195602846707007    0.053534731458328766
1974-02-01    0.0761471532258042    -0.21202096035618379    0.288168113581988
1974-03-01    -1.4207416612903288    -1.0303668009139817    0.39037486037634705
1974-04-01    -0.9494291935483864    -0.9443178469354865    0.005111346612899914
1974-05-01    -0.8764075927419341    -0.9944830193447639    0.11807542660282977
1974-06-01    -0.3920624556451599    -0.851984747059823    0.45992229141466306
1974-07-01    -0.893960814516138    -0.7988291226781021    0.09513169183803583
1974-08-01    -0.6657116290322556    -0.6983149874832022    0.03260335845094664
1974-09-01    -0.4196775362903224    -0.618883523390451    0.19920598710012866
1974-10-01    -1.4129009637096814    -1.0040889909643822    0.40881197274529923
1974-11-01    -0.2445833064516165    -0.5004794458098087    0.2558961393581922
1974-12-01    -0.772892592741929    -0.597232824475799    0.17565976826613006
1975-01-01    -0.1933917661290287    -0.27794331336693073    0.08455154723790204
1975-02-01    -0.0169285967741963    -0.3127635071337371    0.2958349103595408
1975-03-01    0.2454708387096715    -0.10599305193884768    0.3514638906485192
1975-04-01    -0.7596884435483879    -0.46959601768145176    0.2900924258669362
1975-05-01    -0.9359510927419344    -0.5961854561827938    0.3397656365591406
1975-06-01    -0.4117659556451585    -0.6995126672580615    0.287746711612903
1975-07-01    -1.779793814516136    -1.2141261075067207    0.5656677070094154
1975-08-01    -0.0615863790322599    -0.48178194232527116    0.4201955632930113
1975-09-01    0.1748379637096775    -0.08603800071236609    0.2608759644220436
1975-10-01    -1.064925713709684    -0.36690531775873797    0.6980203959509459
1975-11-01    -0.9249665564516184    -0.6444308290389846    0.2805357274126338
1975-12-01    -0.4139700927419305    -0.4856205280611573    0.07165043531922682
1976-01-01    0.0400884838709707    -0.16010805030241804    0.20019653417338873
1976-02-01    -0.8481083467741968    -0.6591343031082048    0.18897404366599202
1976-03-01    -0.8799966612903276    -0.752285812496646    0.12771084879368166
1976-04-01    -0.8256586935483874    -0.8022077165423429    0.023450977006044482
1976-05-01    -0.5830340927419364    -0.8552170864751357    0.2721829937331993
1976-06-01    -0.96693270564516    -0.852134006498654    0.11479869914650598
1976-07-01    -0.545834564516138    -0.6412606707795763    0.09542610626343828
1976-08-01    -0.5937768790322586    -0.6286087463709671    0.034831867338708467
1976-09-01    -2.504139036290318    -0.6426517643279567    1.8614872719623614
1976-10-01    -1.6497819637096818    -1.0698717648118345    0.5799101988978472
1976-11-01    -1.4020955564516164    -1.064698340188179    0.3373972162634373
1976-12-01    -0.6581078427419307    -0.7556389982526845    0.09753115551075386
1977-01-01    -0.8353650161290282    -0.5218350877352133    0.313529928393815
1977-02-01    -0.1058158467741954    -0.42673939196572536    0.32092354519153
1977-03-01    0.6542248387096734    -0.5062312539381698    1.160456092647843
1977-04-01    -0.7997986935483894    -0.7350181682795661    0.06478052526882327
1977-05-01    -1.1499968427419347    -0.8557218418413913    0.29427500090054337
1977-06-01    -0.2285464556451586    -0.3787773271706967    0.15023087152553807
1977-07-01    1.149473935483865    0.5845691740188125    0.5649047614650525
1977-08-01    0.0333488709677425    0.18758326795698896    0.15423439698924646
1977-09-01    -1.0788587862903185    -0.04017821836021614    1.0386805679301023
1977-10-01    -0.6914534637096814    -0.48296193108870966    0.20849153262097175
1977-11-01    -0.242118556451615    -0.3082417369018795    0.0661231804502645
1977-12-01    -0.2772053427419294    -0.232108413245962    0.045096929495967386
1978-01-01    -0.0568507661290311    0.0029916562836016757    0.05984242241263278
1978-02-01    0.3020776532258011    0.15215859921370462    0.1499190540120965
1978-03-01    -0.0174821612903279    0.027276271962361254    0.044758433252689155
1978-04-01    -0.3864151935483875    -0.16022230187500294    0.22619289167338455
1978-05-01    -0.6651608427419333    -0.5634064313911296    0.10175441135080376
1978-06-01    -0.7677769556451608    -0.6219631234811835    0.14581383216397725
1978-07-01    0.7757824354838618    0.1763386136424675    0.5994438218413943
1978-08-01    -1.639229629032254    -0.9320970167473056    0.7071326122849485
1978-09-01    -1.1486105362903205    -0.9757918406317126    0.17281869565860786
1978-10-01    -0.304760213709681    -0.6088635720295671    0.3041033583198861
1978-11-01    -0.4751333064516174    -0.5269116597782254    0.05177835332660802
1978-12-01    -0.4866675927419308    -0.5262145166868228    0.039546923944892065
1979-01-01    -0.9392780161290268    -0.7529756819623663    0.18630233416666053
1979-02-01    -0.3837788467742022    -0.5238331388373672    0.14005429206316494
1979-03-01    -0.4232974112903278    -0.473914455248657    0.05061704395832922
1979-04-01    -1.090622443548387    -0.8235302740053799    0.2670921695430072
1979-05-01    -0.314846842741936    -0.523893450826612    0.209046608084676
1979-06-01    -1.5210802056451591    -0.49741720903226005    1.0236629966128992
1979-07-01    -0.6911988145161381    -0.5844474612432881    0.10675135327285001
1979-08-01    0.0175083709677394    -0.31245786633737116    0.32996623730511054
1979-09-01    -1.9746665362903213    -1.327370333252691    0.6472962030376304
1979-10-01    -0.0429494637096823    -0.45977979685484116    0.4168303331451589
1979-11-01    -0.7813185564516161    -0.6367438160819906    0.14457474036962548
1979-12-01    -0.2909230927419308    -0.6656402401142493    0.3747171473723185
1980-01-01    -0.6330417661290291    -0.66488891992608    0.03184715379705094
1980-02-01    -0.8375400967741982    -0.7343311277016205    0.1032089690725777
1980-03-01    0.2138128387096713    -0.5794624823991964    0.7932753211088677
1980-04-01    -0.1938214435483871    -0.3776145627049754    0.1837931191565883
1980-05-01    0.3632889072580667    -0.17990812623320046    0.5431970334912671
1980-06-01    -0.2841352056451605    -0.0399403463440898    0.24419485930107068
1980-07-01    0.1056906854838644    -0.07034490264113341    0.1760355881249978
1980-08-01    0.314278620967741    -0.08163052959005554    0.3959091505577965
1980-09-01    -1.7733932862903217    -1.0350208625470545    0.7383724237432672
1980-10-01    0.4835760362903158    -0.1530943404233911    0.636670376713707
1980-11-01    -0.615576556451618    -0.46586162359543803    0.14971493285617998
1980-12-01    -0.6378845927419334    -0.5003511788776888    0.13753341386424467
1981-01-01    -0.3625967661290303    -0.36971225696908677    0.007115490840056471
1981-02-01    0.3990416532258045    0.1307999284811802    0.26824172474462427
1981-03-01    -0.0686929112903271    -0.14546633823589036    0.07677342694556326
1981-04-01    -0.1523534435483888    -0.18514608228158874    0.03279263873319993
1981-05-01    0.4054304072580663    -0.8603057019388483    1.2657361091969146
1981-06-01    -1.2811582056451591    -0.9063194844858916    0.37483872115926753
1981-07-01    -2.409020314516134    -1.1022041211659963    1.3068161933501377
1981-08-01    -0.2913673790322555    -0.8876637644119569    0.5962963853797014
1981-09-01    -0.6880950362903206    -0.8995262991498629    0.21143126285954228
1981-10-01    -1.625132463709683    -1.2552388856149157    0.3698935780947672
1981-11-01    -0.5794498064516169    -0.8165049241028315    0.23705511765121456
1981-12-01    -0.165455842741931    -0.6198443286122378    0.4543884858703068
1982-01-01    -0.7307030161290307    -0.35357362226814604    0.3771293938608846
1982-02-01    -0.0270605967741985    -0.26050011853830823    0.23343952176410973
1982-03-01    -0.6269879112903283    -0.589797616266801    0.03719029502352722
1982-04-01    -0.9329584435483866    -0.7400220966498657    0.1929363468985209
1982-05-01    -0.7096548427419336    -0.6239042541162644    0.0857505886256692
1982-06-01    0.7048112943548404    0.14595221488238483    0.5588590794724555
1982-07-01    0.6339486854838619    0.2185546569724386    0.41539402851142326
1982-08-01    -0.2360013790322597    -0.23003226914986774    0.005969109882391965
1982-09-01    -1.34764503629032    -0.9945498828931448    0.35309515339717523
1982-10-01    -0.9110012137096816    -0.8608182239818473    0.050182989727834304
1982-11-01    0.3792854435483868    -0.13331442285282408    0.5125998664012108
1982-12-01    -0.6518390927419304    -0.4204970456081995    0.2313420471337309
1983-01-01    -0.4118425161290311    -0.3020011588071239    0.1098413573219072
1983-02-01    0.1485496532258032    -0.03237572859879225    0.18092538182459547
1983-03-01    -0.2587821612903269    -0.07464592631384741    0.18413623497647946
1983-04-01    0.2659465564516132    0.19034297813507822    0.07560357831653497
1983-05-01    1.0601271572580655    0.6084479532762106    0.4516792039818549
1983-06-01    -0.5053322056451606    -0.03689271242271497    0.4684394932224456
1983-07-01    0.3980684354838644    0.20796379618615207    0.19010463929771232
1983-08-01    -1.084616629032258    -0.036430067456321616    1.0481865615759365
1983-09-01    -1.4069797862903215    -1.157407417765455    0.24957236852486653
1983-10-01    -1.927217713709684    -1.429125513921361    0.498092199788323
1983-11-01    -1.4173510564516183    -1.4376228708971672    0.02027181444554893
1983-12-01    -1.0332298427419315    -0.6428517067305097    0.3903781360114218
1984-01-01    -0.0699240161290291    -0.026740273020832307    0.043183743108196795
1984-02-01    0.253493653225803    0.13409666140120768    0.11939699182459529
1984-03-01    0.0452860887096733    -0.03563665620632011    0.08092274491599341
1984-04-01    -0.7949874435483864    -0.35574208089718007    0.4392453626512063
1984-05-01    0.8164449072580666    0.3626059339616963    0.4538389732963703
1984-06-01    0.0421510443548385    0.5261736054737942    0.4840225611189557
1984-07-01    0.6129796854838645    0.12276557200604403    0.49021411347782046
1984-08-01    -1.4987173790322608    -0.6854638256350801    0.8132535533971806
1984-09-01    -2.2237170362903207    -0.5675051438676089    1.6562118924227118
1984-10-01    0.1655450362903181    0.08182652292674351    0.0837185133635746
1984-11-01    0.272412443548383    0.17678933628023685    0.09562310726814616
1984-12-01    -0.4038428427419305    -0.17655965601142498    0.22728318673050552
1985-01-01    -1.0061742661290296    0.04705857633400456    1.0532328424630342
1985-02-01    0.415210403225803    0.18723918032593567    0.22797122289986732
1985-03-01    -0.1361504112903269    -0.08275983451949284    0.05339057677083406
1985-04-01    -0.1983736935483868    -0.16110665835013627    0.03726703519825053
1985-05-01    0.7353256572580662    -0.2391507168649209    0.9744763741229872
1985-06-01    -1.7410619556451614    -0.7905847835181422    0.9504771721270192
1985-07-01    -1.077997564516135    -0.8586481342573903    0.21934943025874476
1985-08-01    -0.5828388790322592    -0.6676670559711001    0.08482817693884093
1985-09-01    -0.6330510362903219    -0.6241295916431464    0.00892144464717548
1985-10-01    -0.8267874637096817    -0.6204599975100868    0.20632746619959486
1985-11-01    0.1629496935483843    -0.07217438535282454    0.23512407890120884
1985-12-01    0.2241336572580721    0.13284856598454814    0.09128509127352397
1986-01-01    -0.1051927661290292    -0.03887420908937925    0.06631855703964995
1986-02-01    -0.2390450967741983    -0.1365677572647857    0.1024773395094126
1986-03-01    -0.1592694112903245    0.08355085240591122    0.24282026369623572
1986-04-01    0.7109603064516108    0.30989154733870994    0.40106875911290085
1986-05-01    0.9152414072580656    0.1748892667069884    0.7403521405510771
1986-06-01    -0.2588022056451606    -0.2700464533266133    0.011244247681452713
1986-07-01    -0.5807325645161363    -0.39339076124328237    0.18734180327285394
1986-08-01    -0.3122591290322596    -0.5278158648521566    0.21555673581989698
1986-09-01    -1.8265270362903223    -0.8785092014986688    0.9480178347916535
1986-10-01    -1.3391254637096814    -0.6702227735147941    0.6689026901948874
1986-11-01    0.6659934435483841    0.17513770041666632    0.49085574313171776
1986-12-01    -0.1716423427419329    -0.07396432002016069    0.09767802272177221
1987-01-01    0.2911084838709712    -0.15195570016801074    0.44306418403898196
1987-02-01    -0.2351635967741963    -0.29209543346774386    0.056931836693547566
1987-03-01    -0.6706761612903271    -0.48106354304435467    0.18961261824597248
1987-04-01    0.4265135564516136    -0.4537425911357524    0.880256147587366
1987-05-01    -0.0616645927419341    -0.16482256428763456    0.10315797154570046
1987-06-01    -0.149744455645159    0.14095429899865564    0.29069875464381467
1987-07-01    1.4243469354838645    0.8216181751612915    0.6027287603225729
1987-08-01    -0.9051941290322638    0.8216315595430117    1.7268256885752755
1987-09-01    -0.2867117862903221    0.03256430051075208    0.3192760868010742
1987-10-01    0.4170705362903213    0.28047966229838533    0.13659087399193598
1987-11-01    0.4098611935483838    0.3226336385080608    0.08722755504032298
1987-12-01    0.0427704072580681    0.17219197143817166    0.12942156418010356
1988-01-01    0.7693667338709709    0.4688677839852209    0.30049894988575
1988-02-01    -0.0480355967741985    0.1453408947715017    0.1933764915457002
1988-03-01    0.1370658387096703    0.15592225526209136    0.018856416552421068
1988-04-01    0.4187253064516127    0.3061761243178753    0.11254918213373744
1988-05-01    0.3010931572580659    0.1449900746068549    0.156103082651211
1988-06-01    -0.8126792056451606    -0.574458502967074    0.2382207026780866
1988-07-01    -1.697691564516134    -1.1667672077251368    0.5309243567909971
1988-08-01    -0.2488423790322578    -0.33801787758400453    0.08917549855174672
1988-09-01    0.7572752137096792    0.31952756665658555    0.43774764705309366
1988-10-01    -0.2234517137096823    -0.04741006427755699    0.1760416494321253
1988-11-01    -0.1975880564516181    -0.16756382286626678    0.030024233585351306
1988-12-01    -0.0204343427419289    -0.10395107842741659    0.08351673568548769
1989-01-01    -0.5571772661290311    -0.24846281299731166    0.3087144531317194
1989-02-01    -0.547078346774196    -0.41173834344422117    0.1353400033299748
1989-03-01    -0.3274154112903282    -0.2771112910651928    0.05030412022513542
1989-04-01    0.3624833064516117    0.04753888529233744    0.31494442115927423
1989-05-01    -0.7172025927419341    -0.4144625659442161    0.302740026797718
1989-06-01    0.081727544354841    -0.2655007054670706    0.3472282498219116
1989-07-01    -1.2318480645161358    -1.0027773071539066    0.22907075736222926
1989-08-01    -0.8332976290322556    -0.9436570855141097    0.11035945648185408
1989-09-01    -1.6088287862903208    -1.2403172651041663    0.3685115211861545
1989-10-01    -0.3558524637096809    -0.7160901134442131    0.36023764973453226
1989-11-01    0.1722316935483832    -0.6778593532090063    0.8500910467573894
1989-12-01    -0.8685818427419321    -0.4858813016969087    0.3827005410450234
1990-01-01    0.3009907338709716    0.06056358792674916    0.24042714594422243
1990-02-01    -0.0465268467741957    0.3876524370732555    0.4341792838474512
1990-03-01    0.7575013387096732    0.6183669982022851    0.13913434050738804
1990-04-01    0.7379688064516117    0.4886060869926059    0.2493627194590058
1990-05-01    -0.4643115927419394    -0.1199549791196254    0.344356613622314
1990-06-01    -0.2185842056451612    -0.34959908166666726    0.13101487602150605
1990-07-01    -1.3899510645161364    -0.9524041061223206    0.43754695839381574
1990-08-01    -0.3286776290322599    -0.6748821809811849    0.346204551948925
1990-09-01    -2.102979786290323    -1.3713763444892644    0.7316034418010586
1990-10-01    0.090603036290318    -0.08139760774865915    0.17200064403897714
1990-11-01    0.7854574435483848    0.512026476552416    0.2734309669959688
1990-12-01    0.8398429072580669    0.6374008584643805    0.20244204879368632
1991-01-01    -0.0108427661290271    0.14599834634744904    0.15684111247647614
1991-02-01    0.2994896532258018    0.12456034078964898    0.1749293124361528
1991-03-01    -0.3849334112903264    -0.17045387917674854    0.21447953211357784
1991-04-01    -0.1656404435483871    -0.1168247969858868    0.048815646562500314
1991-05-01    0.3225306572580635    0.18715533460685396    0.13537532265120955
1991-06-01    0.2777787943548411    0.1869692389415334    0.09080955541330771
1991-07-01    -0.4535990645161369    -0.2070216110853539    0.246577453430783
1991-08-01    -0.818158129032259    -0.26336942321573054    0.5547887058165285
1991-09-01    -0.6930445362903228    -0.40963476050403314    0.2834097757862897
1991-10-01    -0.5349684637096814    -0.3570363805712357    0.17793208313844572
1991-11-01    0.0178129435483818    -0.26229806588709526    0.28011100943547707
1991-12-01    0.1624366572580697    -0.06875140404569571    0.2311880613037654
1992-01-01    -0.3695400161290294    -0.370395764596776    0.0008557484677465532
1992-02-01    -0.7487250967741979    -0.564144561915324    0.18458053485887382
1992-03-01    -0.3439264112903295    -0.33494449051075786    0.008981920779571662
1992-04-01    -0.2180946935483874    -0.17091982842741946    0.04717486512096794
1992-05-01    0.9711639072580668    0.6239950715893868    0.34716883566867995
1992-06-01    0.8425290443548406    0.5407307429603495    0.30179830139449104
1992-07-01    -0.8925228145161412    -0.4268310538944965    0.46569176062164475
1992-08-01    -0.9287206290322594    -1.0702429672076663    0.14152233817540694
1992-09-01    -2.555122036290321    -1.879672487140454    0.6754495491498669
1992-10-01    -1.146801963709681    -1.3706441294052345    0.2238421656955536
1992-11-01    -0.781081806451617    -0.8874902650100764    0.10640845855845948
1992-12-01    -0.3968555927419324    -0.28597829170362443    0.11087730103830795
1993-01-01    0.355924733870971    0.019520934156587146    0.3364037997143839
1993-02-01    -0.9784420967741988    -0.39671337243615673    0.581728724338042
1993-03-01    0.6819970887096716    0.23285297044690276    0.4491441182627688
1993-04-01    0.5095215564516131    0.4009540206754005    0.10856753577621264
1993-05-01    -0.0721770927419349    -0.01798951970766082    0.05418757303427408
1993-06-01    -0.2072602056451593    -0.16100297721437987    0.046257228430779423
1993-07-01    -0.1866520645161351    -0.24548980025201825    0.058837735735883134
1993-08-01    -0.8542991290322561    -0.6332198757358857    0.22107925329637046
1993-09-01    -0.4646655362903189    -0.4899616942372282    0.02529615794690926
1993-10-01    -0.1100132137096814    0.060350073894487044    0.17036328760416844
1993-11-01    1.2553864435483817    0.7800248323118263    0.4753616112365554
1993-12-01    0.3665154072580669    0.4716928491196264    0.10517744186155947
1994-01-01    0.1307097338709688    0.28348791648521454    0.15277818261424575
1994-02-01    0.7535011532258018    0.583894965497307    0.16960618772849478
1994-03-01    -0.0952426612903281    0.551998766874995    0.6472414281653232
1994-04-01    0.2809765564516127    0.49920104749999694    0.21822449104838426
1994-05-01    1.1328104072580665    0.7585556288306504    0.37425477842741606
1994-06-01    0.0838237943548385    0.22922749922714905    0.14540370487231055
1994-07-01    -0.2228258145161383    -0.06695927315860771    0.15586654135753059
1994-08-01    0.0354106209677418    0.03753352799730979    0.002122907029567987
1994-09-01    1.0232539637096778    0.10523978550402908    0.9180141782056487
1994-10-01    1.1014367862903178    0.5319696417271524    0.5694671445631654
1994-11-01    0.7200246935483818    0.561394404623658    0.15863028892472386
1994-12-01    0.424699657258067    0.4326418729771492    0.007942215719082157
1995-01-01    0.2493659838709696    0.258546428145163    0.0091804442741934
1995-02-01    -0.1864915967741964    0.01784628462365411    0.20433788139785053
1995-03-01    0.434385838709673    0.2626369226881678    0.17174891602150522
1995-04-01    -0.4903434435483866    0.2776968120161241    0.7680402555645107
1995-05-01    0.0409626572580634    0.15846252663306315    0.11749986937499976
1995-06-01    0.1097222943548388    0.22504318486559033    0.11532089051075153
1995-07-01    1.217126685483862    0.8469287547849423    0.3701979306989197
1995-08-01    0.5276071209677404    0.6285390374798335    0.1009319165120931
1995-09-01    0.4977234637096792    0.5303727158266145    0.03264925211693531
1995-10-01    -0.345902463709681    0.26923963807795726    0.6151421017876382
1995-11-01    -0.4465295564516154    -0.26267718529234085    0.18385237115927455
1995-12-01    -0.1012653427419323    -0.11681764491599282    0.01555230217406052
1996-01-01    0.1600402338709692    0.23451202088373763    0.07447178701276844
1996-02-01    0.7690354032258035    0.5484790631754054    0.22055634005039815
1996-03-01    0.1744488387096723    0.3203772123958297    0.14592837368615744
1996-04-01    0.1572398064516136    0.1734920426243263    0.01625223617271271
1996-05-01    0.4154166572580635    0.11392996185819844    0.30148669539986506
1996-06-01    -1.3500367056451594    -0.7160714388810475    0.6339652667641119
1996-07-01    -0.2050575645161352    -0.43030948836357585    0.22525192384744067
1996-08-01    0.8161286209677421    -0.42417638426411436    1.2403050052318565
1996-09-01    -0.8427100362903204    -0.6861914674159995    0.15651856887432092
1996-10-01    -0.444757213709682    -0.49806675379368964    0.05330954008400762
1996-11-01    -0.4301595564516169    -0.358597108571914    0.0715624478797029
1996-12-01    0.3763439072580681    0.07173526030914062    0.3046086469489275
1997-01-01    -0.5086420161290306    0.1013121801814502    0.6099541963104808
1997-02-01    0.1840991532258016    -0.0662935364650578    0.25039268969085937
1997-03-01    -0.4619191612903286    -0.3316221286290367    0.1302970326612919
1997-04-01    -0.6820419435483878    -0.5758277309946241    0.10621421255376362
1997-05-01    -0.3166015927419359    -0.3974703686962363    0.08086877595430042
1997-06-01    -0.3310844556451613    -0.3081827765322611    0.022901679112900197
1997-07-01    0.0724199354838646    -0.0021304181250040343    0.07455035360886864
1997-08-01    -0.3043846290322598    0.5426246556787664    0.8470092847110262
1997-09-01    1.1208672137096798    0.9692642907795704    0.15160292293010935
1997-10-01    0.9409017862903184    0.9707855477822578    0.029883761491939387
1997-11-01    1.1388494435483842    1.0460318625470393    0.09281758100134496
1997-12-01    0.6960326572580691    0.8498065615658594    0.15377390430779037
1998-01-01    1.12623173387097    1.034897879596775    0.09133385427419505
1998-02-01    1.1547671532258017    1.1486002021505273    0.006166951075274429
1998-03-01    1.2430655887096729    1.243075204469079    9.615759406056412e-06
1998-04-01    1.548215306451613    1.2600205649932812    0.2881947414583319
1998-05-01    0.030791157258065    0.4427762790792977    0.4119851218212327
1998-06-01    0.5155485443548393    0.49734155813171743    0.01820698622312189
1998-07-01    1.4072321854838634    0.5777042329905888    0.8295279524932746
1998-08-01    1.0174391209677405    0.7088257944758091    0.3086133264919314
1998-09-01    0.20520046370968    0.2851253124025508    0.07992484869287078
1998-10-01    -0.1445409637096837    -0.07714304782594418    0.06739791588373951
1998-11-01    -0.2278313064516162    -0.14783971582997735    0.07999159062163885
1998-12-01    0.0202454072580664    0.05368714419690966    0.03344173693884326
1999-01-01    0.4488709838709717    0.43830866395497253    0.010562319915999152
1999-02-01    0.8181799032258041    0.6213915710719086    0.19678833215389557
1999-03-01    0.1263143387096761    0.27375561787298314    0.14744127916330704
1999-04-01    0.1884803064516163    0.17279854554771834    0.015681760903897946
1999-05-01    -0.147923592741936    0.04516234146841442    0.19308593421035042
1999-06-01    0.7984150443548401    0.5692088677184132    0.22920617663642695
1999-07-01    1.079784185483863    0.8573562795127593    0.22242790597110373
1999-08-01    -0.114884379032258    0.20348182863911088    0.31836620767136886
1999-09-01    0.4752049637096789    0.08320974648185307    0.3919952172278258
1999-10-01    0.2555507862903177    0.12922029514448471    0.12633049114583297
1999-11-01    -0.264539306451617    -0.05543180486223477    0.20910750158938224
1999-12-01    0.4486079072580686    0.08467337124663796    0.36393453601143066
2000-01-01    0.556171483870969    0.3531929540087364    0.20297852986223264
2000-02-01    -0.0070080967741965    0.10815089964717634    0.11515899642137284
2000-03-01    -0.2863984112903281    -0.08743304912970777    0.19896536216062033
2000-04-01    0.2841893064516121    0.1980449830913956    0.08614432336021652
2000-05-01    0.4713364072580646    0.37237847938172075    0.09895792787634383
2000-06-01    0.7444615443548415    0.5816629960752707    0.16279854827957074
2000-07-01    -1.0635653145161363    0.5484188146370952    1.6119841291532315
2000-08-01    0.7503196209677405    0.3427774315860195    0.40754218938172104
2000-09-01    -1.1063537862903203    -0.4884056288776892    0.6179481574126311
2000-10-01    0.9501277862903166    -0.33726063059812067    1.2873884168884373
2000-11-01    -0.220077556451617    -0.11134367085349561    0.10873388559812139
2000-12-01    0.1759034072580689    0.1718935752486563    0.0040098320094126005
2001-01-01    0.3982232338709686    0.4142300615893803    0.01600682771841172
2001-02-01    0.8107559032258038    0.5882507867842761    0.2225051164415277
2001-03-01    0.0667250887096706    0.23150116866935014    0.16477607995967952
2001-04-01    0.9736803064516124    0.6457890065625047    0.3278912998891077
2001-05-01    0.1945289072580642    0.3454039066565872    0.150874999398523
2001-06-01    -0.2864967056451597    0.34358952367271606    0.6300862293178757
2001-07-01    1.1858064354838618    0.5398197356552412    0.6459866998286206
2001-08-01    0.6478831209677409    0.3734289314112913    0.2744541895564496
2001-09-01    0.3045777137096799    0.3339726537634408    0.02939494005376092
2001-10-01    -0.4120364637096827    -0.05831313393145473    0.353723329778228
2001-11-01    0.1252156935483839    0.08690697206989088    0.03830872147849303
2001-12-01    -0.1454145927419325    0.04194339733199074    0.18735799007392323
2002-01-01    0.5743794838709704    0.3977293098790373    0.17665017399193306
2002-02-01    0.0978919032258041    0.3020581768077953    0.2041662735819912
2002-03-01    1.071635088709673    0.8750417096102158    0.1965933790994573
2002-04-01    1.8804775564516127    1.5912920051545751    0.2891855512970376
2002-05-01    1.7604939072580663    1.5962920392069855    0.16420186805108083
2002-06-01    1.2250562943548395    1.3078862297580702    0.08282993540323069
2002-07-01    1.389310435483864    1.3781420907728406    0.011168344711023348
2002-08-01    1.7560551209677406    1.4779262971975795    0.2781288237701611
2002-09-01    -0.103185786290318    0.6607408361491954    0.7639266224395134
2002-10-01    2.269346286290318    1.6071066201008104    0.6622396661895078
2002-11-01    1.2856239435483836    1.414526443561818    0.12890250001343428
2002-12-01    1.453491157258071    1.3005556841868389    0.15293547307123223
2003-01-01    0.2359529838709697    0.5555522703561812    0.31959928648521146
2003-02-01    0.5614336532258015    0.558016322358866    0.0034173308669355196
2003-03-01    0.012291338709673    0.43421461066531986    0.42192327195564683
2003-04-01    0.2368258064516126    0.28859483817876047    0.05176903172714786
2003-05-01    0.1019939072580662    0.2892251238844098    0.1872312166263436
2003-06-01    1.080742544354841    0.7839408740356251    0.296801670319216
2003-07-01    0.5482956854838648    0.5569842127654602    0.008688527281595415
2003-08-01    -0.6257191290322588    -0.23958462103830774    0.38613450799395105
2003-09-01    -0.0321445362903176    0.00633092899865846    0.03847546528897606
2003-10-01    0.1102397862903181    0.17124574562499859    0.06100595933468049
2003-11-01    0.4509391935483826    0.318901952123653    0.13203724142472956
2003-12-01    1.333990157258068    0.4840343152822557    0.8499558419758122
2004-01-01    0.4955292338709718    0.447381126518817    0.0481481073521548
2004-02-01    0.049746653225803    0.26314454753359895    0.21339789430779593
2004-03-01    0.9571178387096708    0.7190750350335997    0.2380428036760711
2004-04-01    1.0078880564516126    0.8324600549832027    0.17542800146840987
2004-05-01    -0.1881225927419336    0.08190172003024272    0.2700243127721763
2004-06-01    0.1423212943548399    0.10365438905577892    0.03866690529906097
2004-07-01    -0.0437495645161369    0.07665503812163577    0.12040460263777267
2004-08-01    0.3303071209677419    0.4248902431653226    0.0945831221975807
2004-09-01    1.7462089637096805    1.2335055939785071    0.5127033697311734
2004-10-01    0.7020387862903164    0.8556440696538912    0.15360528336357482
2004-11-01    0.7425689435483847    0.754984668148522    0.012415724600137401
2004-12-01    0.8424881572580674    0.797987513699595    0.044500643558472386
2005-01-01    0.1692692338709704    0.8236514495598092    0.6543822156888388
2005-02-01    1.2088776532258017    1.018202231925402    0.1906754213003996
2005-03-01    0.6533455887096729    0.8119683039348047    0.15862271522513183
2005-04-01    1.1687503064516136    0.9356000152956951    0.23315029115591845
2005-05-01    1.172225907258067    1.0927564673185444    0.0794694399395226
2005-06-01    1.4009080443548392    1.1360450216196256    0.26486302273521356
2005-07-01    -0.0445253145161359    0.3952579898790284    0.4397833043951643
2005-08-01    0.9140643709677398    0.5719484153561833    0.3421159556115565
2005-09-01    -0.5532787862903206    0.015375539549731213    0.5686543258400518
2005-10-01    1.2842285362903176    0.8326211717674653    0.45160736452285233
2005-11-01    0.3044661935483859    0.4928483164919346    0.18838212294354872
2005-12-01    -0.1733113427419326    0.35776647266129125    0.5310778154032239
2006-01-01    0.6602202338709695    0.41343868506720083    0.24678154880376868
2006-02-01    0.4391154032258022    0.3923171409408563    0.046798262284945935
2006-03-01    0.3319990887096722    0.36653575078628714    0.03453666207661493
2006-04-01    0.1015218064516112    0.30902374227822443    0.20750193582661325
2006-05-01    -0.8112315927419331    0.5697421165322546    1.3809737092741878
2006-06-01    0.8521732943548415    0.7407835118548327    0.11138978250000875
2006-07-01    1.020841435483863    0.7949570262567134    0.2258844092271497
2006-08-01    1.124632870967741    0.807762480302412    0.31687039066532885
2006-09-01    -0.1045297862903211    0.672805590584671    0.7773353768749921
2006-10-01    -0.6075974637096841    -0.10965101711693988    0.4979464465927443
2006-11-01    0.4105149435483817    0.2413262191733818    0.1691887243749999
2006-12-01    0.5272719072580685    0.4580990325537644    0.06917287470430411
2007-01-01    0.4721484838709706    0.4470387123252688    0.025109771545701765
2007-02-01    0.2000536532258046    0.7934908859811819    0.5934372327553773
2007-03-01    1.3246888387096725    0.9438609722580689    0.3808278664516036
2007-04-01    1.5665473064516109    1.156375433595441    0.41017187285616985
2007-05-01    0.2946059072580667    0.6037031023118329    0.3090971950537662
2007-06-01    1.03532579435484    0.6717142327352174    0.3636115616196226
2007-07-01    0.6660191854838651    0.7995173953965075    0.13349820991264238
2007-08-01    -0.252019629032258    0.9186184263306448    1.1706380553629028
2007-09-01    1.8701234637096815    1.3883508253897754    0.48177263831990613
2007-10-01    1.3873300362903187    1.2103349505174643    0.1769950857728544
2007-11-01    0.7211484435483868    0.742618610665316    0.021470167116929173
2007-12-01    0.4241201572580664    0.3852263553024176    0.03889380195564879
2008-01-01    -0.2318445161290299    -0.17886204114919363    0.05298247497983627
2008-02-01    -0.2253510967741974    -0.22048787901882178    0.004863217755375626
2008-03-01    -0.3712456612903274    -0.260513452069896    0.11073220922043137
2008-04-01    0.0435408064516131    -0.10558533217742053    0.14912613862903362
2008-05-01    -0.601621092741933    -0.3507564529032273    0.25086463983870566
2008-06-01    -0.0292182056451615    0.21365640588709278    0.2428746115322543
2008-07-01    0.8140979354838649    0.7234330717540242    0.09066486372984073
2008-08-01    1.1463773709677412    0.8426098203965026    0.3037675505712386
2008-09-01    -0.1503137862903223    0.26110411360214897    0.41141789989247124
2008-10-01    0.9221290362903184    0.7193706700671968    0.2027583662231216
2008-11-01    0.608519193548382    0.6234673844287554    0.014948190880373358
2008-12-01    0.2382981572580682    0.34141839922715234    0.10312024196908415
2009-01-01    0.4454922338709686    0.44021708561827827    0.00527514825269032
2009-02-01    0.5269314032258023    0.5527791641129031    0.025847760887100724
2009-03-01    0.7062358387096737    0.6322760539314529    0.07395978477822074
2009-04-01    0.4007268064516118    0.7314718451948976    0.3307450387432858
2009-05-01    0.956707907258064    0.6623879067473151    0.2943200005107489
2009-06-01    -0.1446809556451604    0.2073389765994635    0.3520199322446239
2009-07-01    0.9355064354838624    0.5877468378091378    0.34775959767472453
2009-08-01    0.0054558709677436    0.17175566526881533    0.16629979430107172
2009-09-01    -0.1118580362903216    -0.01092270514784975    0.10093533114247184
2009-10-01    -0.0485262137096818    0.08819354251343829    0.1367197562231201
2009-11-01    1.0925524435483815    0.660251096451604    0.4323013470967776
2009-12-01    -0.0484453427419317    0.2706474916935515    0.3190928344354832
2010-01-01    0.3645309838709707    0.35202919577284947    0.012501788098121247
2010-02-01    1.120106653225804    0.8175489436290209    0.3025577095967831
2010-03-01    0.8706218387096705    0.6372886470161251    0.23333319169354538
2010-04-01    0.4210028064516109    0.4352341098252679    0.014231303373656967
2010-05-01    0.2097176572580643    0.3814555815793024    0.17173792432123813
2010-06-01    0.9248985443548392    0.7109387595094129    0.21395978484542633
2010-07-01    0.6020801854838638    0.6050727058467725    0.002992520362908757
2010-08-01    0.0320951209677424    0.3856468100604803    0.3535516890927379
2010-09-01    1.7133244637096825    1.0942507963978516    0.6190736673118309
2010-10-01    0.2666290362903183    0.43946863830644656    0.17283960201612825
2010-11-01    -0.1901063064516179    0.07470780595429805    0.26481411240591596
2010-12-01    0.7456659072580685    0.44112861081989235    0.3045372964381761
2011-01-01    0.1754394838709707    0.23680053255376515    0.06136104868279446
2011-02-01    0.1760616532258012    0.13724552865591064    0.03881612456989056
2011-03-01    -0.3725904112903286    -0.08191856113575632    0.2906718501545723
2011-04-01    0.6196073064516128    0.346087395695559    0.27351991075605375
2011-05-01    0.2433336572580664    0.31310614324932545    0.06977248599125904
2011-06-01    0.209756544354839    0.38173826587701093    0.17198172152217192
2011-07-01    1.112889435483865    0.8057569494388319    0.30713248604503307
2011-08-01    0.7965201209677417    0.8067421850705543    0.010222064102812567
2011-09-01    0.8646422137096792    0.5232765875705646    0.3413656261391146
2011-10-01    -0.7811827137096792    -0.3144758344791691    0.4667068792305101
2011-11-01    0.0779321935483849    -0.04331934755040433    0.12125154109878923
2011-12-01    0.1343734072580673    0.036219118356855984    0.0981542889012113
2012-01-01    -0.6273972661290301    -0.33810704312164125    0.2892902230073889
2012-02-01    0.1547311532258035    -0.021078744868953284    0.17580989809475678
2012-03-01    0.1857718387096731    0.21227240051074733    0.02650056180107424
2012-04-01    0.6750790564516151    0.4519222840994621    0.22315677235215303
2012-05-01    -0.1060865927419349    0.12445273965725927    0.23053933239919416
2012-06-01    0.7379567943548402    0.07110398078628924    0.666852813568551
2012-07-01    0.2030574354838634    0.27687721684139033    0.07381978135752693
2012-08-01    0.1204118709677395    0.566667302184132    0.44625543121639244
2012-09-01    1.0327782137096797    0.990203841619619    0.04257437209006065
2012-10-01    1.3618535362903188    1.0923276981048395    0.26952583818547926
2012-11-01    0.1359754435483857    0.5303228474798326    0.3943474039314469
2012-12-01    1.3387594072580669    0.960047954005376    0.37871145325269084
2013-01-01    0.000271233870972    0.8230181926209693    0.8227469587499973
2013-02-01    0.4508466532258026    0.5934474539583321    0.1426008007325295
2013-03-01    0.4830270887096759    0.5623781398051065    0.07935105109543061
2013-04-01    -0.4325511935483881    0.6827679905241955    1.1153191840725836
2013-05-01    0.8370791572580636    0.6276119899865586    0.20946716727150494
2013-06-01    1.2715717943548412    0.5904325056653219    0.6811392886895193
2013-07-01    0.1641779354838632    0.2633761505779502    0.09919821509408702
2013-08-01    -0.7658186290322604    0.07071908069892069    0.836537709731181
2013-09-01    -0.0347457862903226    -0.05071987610887262    0.015974089818550023
2013-10-01    -0.2756417137096818    -0.13809546282258392    0.1375462508870979
2013-11-01    0.3100634435483833    0.18115941845429803    0.12890402509408525
2013-12-01    0.266606907258069    0.2638775925940879    0.0027293146639811305
2014-01-01    0.2558322338709686    0.2459586292405896    0.009873604630379007
2014-02-01    0.195338903225803    0.22956967383064245    0.03423077060483945
2014-03-01    -0.0977114112903265    0.279804568111556    0.37751597940188253
2014-04-01    0.4116273064516136    0.32859208403897533    0.08303522241263828
2014-05-01    0.0807684072580663    0.21626024991935314    0.13549184266128683
2014-06-01    0.7416360443548413    0.5165927268850774    0.22504331746976391
2014-07-01    0.1135224354838619    0.326217006750668    0.2126945712668061
2014-08-01    0.6680688709677405    0.6505759004737826    0.017492970493957927
2014-09-01    1.28718246370968    1.1699970014784857    0.1171854622311943
2014-10-01    1.597159036290318    1.2924426453629014    0.30471639092741665
2014-11-01    0.3707094435483817    0.6491095794354768    0.27840013588709506
2014-12-01    -0.0352125927419315    0.3453032218010762    0.3805158145430077
2015-01-01    1.3144199838709731    0.8384624806115576    0.47595750325941555
2015-02-01    0.1441621532258032    0.2745709742943544    0.1304088210685512
2015-03-01    -0.2804009112903287    -0.05256238840726244    0.22783852288306625
2015-04-01    0.3940083064516138    0.26521632968749803    0.12879197676411575
2015-05-01    0.2854839072580653    0.3184461980678745    0.032962290809809225
2015-06-01    0.7831977943548409    0.4736787004872277    0.3095190938676132
2015-07-01    0.8540014354838625    0.9233348747614116    0.06933343927754909
2015-08-01    1.190075120967741    1.132533255278893    0.057541865688848004
2015-09-01    1.486896963709679    1.470685057281585    0.016211906428093892
2015-10-01    1.8914087862903168    1.6803020143917893    0.21110677189852756
2015-11-01    1.4171146935483847    1.4255616939347986    0.008447000386413883
2015-12-01    1.4477004072580684    0.9756183825100769    0.47208202474799144
2016-01-01    0.0336737338709696    0.528721546098787    0.49504781222781735
2016-02-01    1.254775153225804    0.9803514253259341    0.2744237278998699
2016-03-01    0.7456398387096712    0.9697220794993224    0.22408224078965122
2016-04-01    1.6601658064516125    1.358972378504692    0.3011934279469204
2016-05-01    0.8792036572580635    0.838321615695568    0.04088204156249553
2016-06-01    0.0105167943548387    0.3558392269657232    0.34532243261088447
2016-07-01    1.2242269354838626    0.8400396675571122    0.3841872679267504
2016-08-01    0.4101328709677396    0.44339691742943593    0.03326404646169634
2016-09-01    -0.1813105362903186    0.07544991863239307    0.25676045492271166
2016-10-01    0.4357422862903171    0.2974216359240577    0.1383206503662594
2016-11-01    0.1357594435483839    0.2503787480880343    0.11461930453965039
2016-12-01    0.4980694072580682    0.4902350807090094    0.007834326549058801
2017-01-01    0.6798862338709704    0.5866097282896509    0.0932765055813195
2017-02-01    0.332019653225803    0.4383030077116956    0.1062833544858926
2017-03-01    0.692481838709675    0.5813243132358891    0.11115752547378588
2017-04-01    0.3196963064516112    0.5072060517909944    0.18750974533938325
2017-05-01    1.496498907258065    1.0634983107560525    0.4330005965020125
2017-06-01    0.3893587943548411    0.6440400358501382    0.25468124149529714
2017-07-01    -0.6854890645161369    0.6600223753931505    1.3455114399092873
2017-08-01    1.0830601209677404    0.8703200763575349    0.21274004461020546
2017-09-01    1.0254154637096775    0.7840035995833403    0.2414118641263372
2017-10-01    1.1897190362903167    0.7380616963440916    0.45165733994622514
2017-11-01    0.2888679435483823    0.34635161534946546    0.05748367180108316
2017-12-01    0.1780594072580683    0.2184467869018819    0.040387379643813615
2018-01-01    0.2412739838709718    0.23370152051747364    0.007572463353498149
2018-02-01    0.1217176532258044    0.21963788346773871    0.09792023024193432
2018-03-01    0.7586730887096707    0.5163318880577863    0.24234120065188436
2018-04-01    -0.0463034435483891    0.15757362311827847    0.20387706666666755
2018-05-01    0.3070549072580668    0.20792014552419352    0.09913476173387326
2018-06-01    0.0854517943548387    0.1780050607325262    0.0925532663776875
2018-07-01    0.5270081854838651    0.3018685311357473    0.22513965434811778
2018-08-01    -0.3953838790322592    -0.18295513011424727    0.21242874891801192
2018-09-01    -0.1181180362903226    -0.10149921908602186    0.016618817204300737
2018-10-01    0.2169637862903179    0.07501057599462008    0.14195321029569782
2018-11-01    -0.2651380564516152    -0.0684014900067227    0.1967365664448925
2018-12-01    0.593938657258068    0.17801270998319746    0.4159259472748706
2019-01-01    1.1778472338709705    0.7718471849428797    0.4060000489280907
2019-02-01    0.7363674032258025    0.9271921797883099    0.1908247765625074
2019-03-01    0.6740363387096728    0.8686462543044409    0.19460991559476803
2019-04-01    0.8241283064516125    0.9085890006754069    0.08446069422379443
2019-05-01    1.3655166572580697    1.239170105057121    0.1263465522009486
2019-06-01    1.4228605443548403    1.2410843282358879    0.18177621611895245
2019-07-01    0.287888685483864    0.5970707277318446    0.30918204224798057
2019-08-01    0.761807620967744    0.8274726474092631    0.06566502644151906
2019-09-01    2.44873346370968    1.9148293996875059    0.5339040640221739
2019-10-01    1.6379587862903158    1.675365472416005    0.037406686125689204
2019-11-01    1.242262443548384    1.1819828999092739    0.060279543639110145
2019-12-01    0.6614909072580666    0.8786195359106125    0.2171286286525459
2020-01-01    0.8972504838709732    0.9211025528259352    0.023852068954962058
2020-02-01    0.3676091532258034    0.7836240813272807    0.4160149281014773
2020-03-01    0.7888550887096706    -0.059728769512766365    0.848583858222437
2020-04-01    0.0905160564516123    -0.3577907999025516    0.4483068563541639
2020-05-01    -1.2255685927419364    -0.3992318720060471    0.8263367207358894
2020-06-01    0.6176495443548404    0.32827108316868137    0.28937846118615906
2020-07-01    0.5669684354838651    0.49787311796034667    0.06909531752351844
2020-08-01    0.1787898709677406    0.6848777695194882    0.5060878985517476
2020-09-01    1.8442584637096784    1.3465430176713724    0.497715446038306
2020-10-01    1.6148117862903175    1.4781169830275338    0.13669480326278372
2020-11-01    1.0272254435483816    1.1217625449361446    0.09453710138776295
2020-12-01    1.0503826572580692    0.8640003741498674    0.18638228310820182
2021-01-01    0.364514983870972    0.3473665816229881    0.017148402247983863
2021-02-01    -0.1092855967741961    0.039572397825940187    0.14885799460013627
2021-03-01    -0.0533729112903245    -0.06383712402217775    0.010464212731853252
2021-04-01    -0.1463641935483863    -0.10783715058131697    0.03852704296706934
2021-05-01    0.2149839072580661    -0.14666587238911183    0.3616497796471779
2021-06-01    0.0063300443548399    -0.16967665137432864    0.17600669572916852
2021-07-01    -0.7235268145161378    -0.33048957156250486    0.3930372429536329
2021-08-01    0.7328588709677426    0.2907704372076586    0.442088433760084
2021-09-01    2.552473713709677    0.4632395968313159    2.0892341168783615
2021-10-01    0.4981812862903183    0.39618053532594105    0.10200075096437727
2021-11-01    0.0535199435483839    0.21036990372647477    0.15684996017809086
2021-12-01    0.4436469072580706    0.3242527474764791    0.11939415978159151
2022-01-01    0.1845227338709705    0.23907771683132026    0.054554982960349746
2022-02-01    0.2273941532258057    0.23146907897513397    0.004074925749328273
2022-03-01    0.2838078387096736    0.1602852834912609    0.12352255521841268
2022-04-01    0.6320453064516123    -0.20481827122647933    0.8368635776780916
2022-05-01    -1.1564478427419331    -0.6333935869657258    0.5230542557762073
2022-06-01    0.0044467943548411    -0.13447473897513368    0.13892153332997478
2022-07-01    1.2263229354838645    0.7034353270060522    0.5228876084778123
2022-08-01    -0.4011186290322577    -0.02611746300067308    0.3750011660315846
2022-09-01    -0.2071545362903215    -0.1964737024428742    0.01068083384744728
2022-10-01    -0.0632552137096809    -0.1585048730745984    0.0952496593649175
2022-11-01    -0.6827120564516171    -0.4647938602755394    0.21791819617607772
2022-12-01    -0.100865842741932    -0.22871853841397946    0.12785269567204746
