-0.613674029569893    -0.07534774408601967    0.5383262854838734
0.106974360215048    -0.25710044572042956    0.3640748059354776
0.312876709677418    0.11538309761290261    0.19749361206451538
0.348242018817206    0.3101852445806472    0.03805677423655879
1.63046181451613    1.0072111937311845    0.6232506207849455
1.24287424731183    1.0787306777204269    0.16414356959140308
1.28605587096774    0.24257092305376177    1.0434849479139783
-0.0774491129032278    0.18681067576881608    0.26425978867204386
-0.355563322580643    -0.19060714220967329    0.1649561803709697
-1.18284165591396    -0.6832824385429949    0.4995592173709652
-1.60675933870968    -1.1892047220860316    0.41755461662364834
-0.199660537634415    -0.3523692025322637    0.15270866489784873
-0.788099362903221    -0.07075312912365612    0.7173462337795649
-1.46173830645162    -1.1572981129085986    0.30444019354302143
-1.34477479032258    -1.0916442317204254    0.2531305586021546
-2.06039131451613    -1.5002390192258046    0.5601522952903255
-1.33619285215054    -0.7291787621290291    0.6070140900215109
-0.286066086021503    -0.49355202899461886    0.20748594297311584
-2.10185312903226    -1.4144430472634428    0.6874100817688173
-0.476812446236565    -0.5176316416236552    0.04081919538709017
-0.843612655913976    -0.4898324491989244    0.35378020671505167
-0.0799513225806372    -0.0906668483279525    0.01071552574731531
-0.851706672043012    -0.579518095177418    0.27218857686559395
0.0869884623655928    -0.03321010844085919    0.120198570806452
-0.0543606962365537    -0.18885058836021232    0.1344898921236586
-0.267122639784951    0.055256751865592924    0.3223793916505439
-0.515286290322578    0.0465202854139791    0.5618065757365571
0.854017352150539    0.5185766269462411    0.3354407252042979
0.247097147849461    0.2515484322365578    0.004451284387096827
1.77024124731182    0.06644970125268695    1.703791546059133
-0.247994129032261    0.5331118747419334    0.7811060037741945
-0.467242446236565    -0.33419792923656255    0.13304451700000247
-1.45402298924731    -1.0408529298494664    0.41317005939784357
-1.3836849892473    -1.1024068863870868    0.28127810286021315
-1.02720267204301    -0.8861398060430137    0.1410628659999964
-0.540580204301076    -0.38044718669892313    0.16013301760215287
-0.310982696236554    -0.5498003913333306    0.23881769509677658
0.0989840268817197    0.06442963577419296    0.03455439110752674
-1.68097929032258    -0.21377763334408595    1.467201656978494
-2.19285764784946    -1.4378825729408555    0.7549750749086044
-0.453861018817207    -0.5539452760268829    0.10008425720967595
0.0160475806451608    -0.17599994241935396    0.19204752306451475
-1.0727034623656    -0.7824147775215137    0.2902886848440863
-1.65318111290323    0.08747878691935504    1.740659899822585
-1.41489698924731    -1.0607554897741935    0.35414149947311646
-0.903976989247305    -0.6713569176559133    0.23262007159139164
-0.0130376720430121    -0.12531436147849506    0.11227668943548297
-2.25966087096775    -1.470484809000011    0.789176061967739
-0.717359696236557    -0.7342861538118274    0.016926457575270337
-1.17845147311828    -0.8126126251397888    0.3658388479784912
0.878555376344089    -0.23368913438172118    1.11224451072581
-1.27199264784946    0.5507626063709651    1.822755254220425
0.262473147849461    0.0010865331935470909    0.26138661465591395
-0.294468419354839    -0.2035842537043019    0.09088416565053709
-0.257334795698927    -0.28534439073655976    0.028009595037632784
-0.389152779569901    -0.28629945396774714    0.10285332560215388
-0.328511989247314    -0.2849655524731204    0.04354643677419362
-0.361579989247307    -0.2475978235161287    0.11398216573117831
-0.918433005376347    -0.6254340849892525    0.2929989203870945
-0.557642204301079    -0.46627099915592046    0.09137120514515856
-0.423340362903222    -0.5772695277903179    0.1539291648870959
-0.106165306451615    -0.024035345650538838    0.08212996080107615
0.894933376344088    -0.2175078233870956    1.1124411997311836
0.362361018817207    0.3061811101290335    0.05617990868817352
-1.78785018548387    -1.064109907424734    0.723740278059136
-1.41326841935484    -1.0157040563494608    0.3975643630053791
-1.38551379569893    -1.0228661044785048    0.3626476912204253
-0.734998112903231    -0.6435467306290363    0.09145138227419469
-0.841237655913975    -0.7404930754623619    0.10074458045161316
-1.18193832258063    -0.7872926525483767    0.39464567003225326
-1.20234333870968    -1.0622943146021528    0.14004902410752718
-1.24105820430108    -1.0143313703817163    0.22672683391936377
-0.345752029569891    -0.27633490760215157    0.06941712196773941
1.59118169354838    0.8988494243118231    0.6923322692365569
-0.69702129032258    -0.5722862113548355    0.1247350789677445
0.484919852150538    0.20544394718279615    0.2794759049677419
1.34154914784947    0.8041317091129123    0.5374174387365578
0.622747247311828    0.630175509333332    0.00742826202150404
1.63097587096774    1.1427038667311837    0.48827200423655626
-0.322301779569898    0.09557287540859793    0.4178746549784959
-0.73355898924731    -0.3540918222204307    0.3794671670268793
-0.567779989247303    -0.4965129941720351    0.0712669950752679
-0.86214567204301    -0.7278666259677427    0.1342790460752673
-0.472230870967746    -0.2739883857419363    0.19824248522580973
-2.97920019623656    -1.9328427430806396    1.0463574531559203
-2.55316897311828    -1.8601681033871063    0.6930008697311738
-0.490717290322577    -0.6542598631559084    0.16354257283333146
0.293722018817204    0.08650435488709711    0.20721766393010688
0.0744821478494657    -0.03556365465053602    0.11004580250000173
-0.616790419354839    -0.34201330759139753    0.2747771117634415
-0.447314462365593    -0.2983244701344115    0.14898999223118153
1.27479755376344    0.8804965371881744    0.3943010165752655
0.0413636774193549    -0.005383614951613088    0.04674729237096799
-0.569173989247307    -0.3886273160430055    0.1805466732043015
0.114319994623656    0.045560332569892885    0.0687596620537631
-0.283426537634412    -0.06007694445161466    0.22334959318279735
-0.47483136290322    -0.3831089570430059    0.09172240586021407
0.47445936021505    0.39012764848924286    0.08433171172580711
0.347949043010754    0.1719588409462383    0.1759902020645157
0.0016280188172022    0.14307625009139707    0.14144823127419487
-0.761958852150535    -0.3886756291075286    0.37328322304300643
0.169683247311827    -0.018232427607525636    0.18791567491935263
-1.78227546236559    -1.2266855005430157    0.5555899618225744
-0.139745779569896    -0.4483695250483874    0.30862374547849136
-0.899602655913977    -0.4872730685698937    0.4123295873440833
-0.240641655913965    -0.5036233700161307    0.26298171410216564
0.227188994623656    0.07361749893548426    0.15357149568817174
0.347028795698922    0.28779277908064244    0.05923601661827954
0.483346970430109    0.4283051494892505    0.055041820940858466
0.883987693548384    0.6813213827473067    0.20266631080107733
0.833453043010756    0.8214208237580699    0.01203221925268605
0.341360018817207    0.49331166897311807    0.15195165015591106
-0.304194852150539    -0.035114937983871566    0.26907991416666743
0.0187739139784959    0.024294314075269392    0.005520400096773494
-0.520760129032265    -0.34625582474731675    0.17450430428494823
-1.41236111290323    -0.9362494067526896    0.47611170615054044
0.0254156774193532    -0.29910171969355076    0.32451739711290395
0.409400677419363    0.21467060495699294    0.19473007246237004
0.367063994623653    0.1648993592096755    0.20216463541397753
-0.15089887096774    -0.0264570548064506    0.12444181616128938
-1.47256836290322    -0.8449981446290357    0.6275702182741844
-1.49611897311828    -1.0064462612903167    0.48967271182796335
-1.67018862365591    -1.24057460123656    0.4296140224193501
0.103284852150539    -0.21506291587096701    0.318347768021506
-0.126745852150536    -0.22336999127956828    0.09662413912903228
1.0151399139785    0.38927983610752714    0.6258600778709729
-0.462657129032262    -0.10540230552688323    0.3572548235053788
-0.364421446236562    0.10606281731182692    0.4704842635483889
0.0503460107526905    -0.07699329004838568    0.12733930080107617
-0.225561322580635    -0.17097310324193477    0.05458821933870023
-0.949467338709678    -0.5922718059784917    0.3571955327311863
-0.265733537634407    -0.24044807698386844    0.02528546065053855
-1.25463169623655    -0.793036779806449    0.461594916430101
1.45694769354838    0.7441768196021491    0.712770873946231
2.50198637634409    1.7917116108817286    0.7102747654623616
-0.0601139811827967    0.03198420781182668    0.09209818899462338
-0.218417518817205    -0.17928012329032253    0.039137395526882474
-0.0215705860215074    0.1339686296290328    0.1555392156505402
-0.79291612903226    -0.37853531280645086    0.4143808162258092
-0.387548446236565    -0.12546832768817287    0.2620801185483921
-0.272709989247314    -0.3572394829032289    0.08452949365591489
0.507156344086027    -0.3630489024462374    0.8702052465322643
0.953578994623651    0.5579784729247282    0.3956005216989228
-0.282594870967745    0.019585962956987075    0.30218083392473205
1.68811997043011    1.2837449083333377    0.4043750620967723
0.238373026881717    -0.5115834924838697    0.7499565193655867
1.15248870967742    -0.045436060870968194    1.1979247705483882
0.569639185483871    0.5063007866129038    0.06333839887096726
-1.70210885215054    -0.9413476620752758    0.7607611900752643
-1.19081541935484    -1.0024107285376398    0.18840469081720013
-0.545413129032262    -0.45913000540860105    0.08628312362366097
-1.26108077956989    -0.9472278534784974    0.3138529260913926
-0.184146322580645    -0.17672250260752675    0.007423819973118251
0.103276010752698    -0.10632054998924155    0.20959656074193955
0.0158323279569856    -0.04536385694086243    0.06119618489784803
-0.0568818709677466    -0.03668922709140067    0.02019264387634593
-0.684204696236552    -0.19566783472042382    0.4885368615161282
0.571652693548383    0.27094709148924456    0.30070560205913843
-1.15068562365591    -0.5771051711827904    0.5735804524731196
1.19091101881721    0.7546809071182802    0.4362301116989299
-0.282273518817204    -0.0028633897526878565    0.2794101290645162
-0.38190141935484    -0.41112156352150525    0.02922014416666524
-0.831581462365595    -0.6011386789462363    0.23044278341935875
-0.597471112903232    -0.5351070878978563    0.062364025005375634
-1.20829298924731    -0.9626089848440791    0.2456840044032309
-0.853953655913969    -0.8152404300268767    0.03871322588709225
-0.0366326720430123    -0.0248719328118297    0.0117607392311826
0.0607537956989255    0.0034770296129038396    0.05727676608602166
-0.625207029569893    -0.3440453076397873    0.28116172193010575
-0.155654639784949    -0.182097147994627    0.026442508209678
0.195745376344087    0.2636331956505391    0.0678878193064521
-1.28735564784946    -0.6785956177096758    0.6087600301397843
0.792705814516129    -0.37685252823118326    1.1695583427473122
0.366218913978493    0.2936415889569893    0.07257732502150371
-0.732051129032261    -0.5279562278172081    0.20409490121505292
-0.566465112903227    -0.03216911088709619    0.5342960020161308
-0.123568322580645    -0.17783277189784816    0.05426444931720316
0.0953340107526977    0.20087354047849565    0.10553952972579794
-0.723980005376344    -0.4144675694516146    0.3095124359247294
-0.738290870967742    -0.30095152425268806    0.437339346715054
-1.26307469623655    -0.9281128170967718    0.33496187913977815
-0.267333473118285    -0.3700557060376407    0.10272223291935573
-0.807771956989246    -0.14981601709677433    0.6579559398924717
-0.296070981182796    -0.2589207630268811    0.037150218155914905
-0.981306518817204    -0.5617446291989248    0.4195618896182792
-0.999447752688175    -0.5852868871451659    0.4141608655430091
-0.897598462365597    -0.5940424890914012    0.3035559732741958
-0.139488779569898    -0.12729885563441132    0.01218992393548668
0.36718467741936    -0.1952243050268782    0.5624089824462382
0.260258677419365    0.3442769105268816    0.0840182331075166
1.54967599462365    1.0727448544139782    0.47693114020967187
0.499049462365591    0.6084753488548406    0.10942588648924956
-0.707337029569885    0.16378599323118295    0.8711230228010679
0.253739026881718    0.2757690630483858    0.022030036166667766
0.645263709677423    0.03307370475806415    0.6121900049193588
2.9725980188172    1.9752740080806315    0.9973240107365684
0.506338814516131    1.238724682510752    0.732385867994621
1.61073358064516    1.1560330907473106    0.4547004898978493
1.29111387096773    0.7134813628548268    0.5776325081129031
0.237146887096767    0.19071533343010422    0.046431553666662795
-0.325269322580645    0.18112268627957132    0.5063920088602163
0.176422010752695    0.12356441616129556    0.05285759459139945
-0.292845672043015    -0.24588631172043354    0.04695936032258144
0.474561462365585    0.2423649054784911    0.2321965568870939
-1.21329069623656    -0.6914590010806466    0.5218316951559133
-1.25230130645162    -0.883948965397851    0.368352341053769
-0.291747623655914    -0.1434378930698924    0.1483097305860216
1.46688601881721    0.43483996008602105    1.0320460587311888
-0.765959018817204    -0.5795020069892464    0.1864570118279576
0.316495913978496    0.13316353424731145    0.18333237973118457
1.13198287096774    0.7029023777311847    0.4290804932365553
0.122095220430104    0.3276353583279535    0.20554013789784947
-0.0020069892473131    0.30370281946236655    0.3057098087096796
-1.58464332258063    -0.8105823547473039    0.7740609678333261
-0.0057746720430067    -0.22740063011827527    0.22162595807526858
-1.53677820430108    -1.0813927906129024    0.45538541368817764
-1.39496702956989    -0.99887058981183    0.39609643975805997
-1.33772497311828    -1.168940926026878    0.16878404709140216
-1.57048762365591    -1.2162920080215107    0.3541956156343993
-0.83721631451613    -0.582549247537633    0.25466706697849695
1.04651314784946    0.4326752575483859    0.6138378903010742
-0.816022086021505    -0.560313503274198    0.255708582747307
0.513099204301074    0.3529453320967743    0.16015387220429972
-1.06270411290323    -0.7054141476451649    0.3572899652580651
-0.225390322580644    -0.007284338333332345    0.21810598424731167
-0.774698989247305    -0.510291376688166    0.2644076125591389
0.0059696612903223    -0.08012234404838726    0.08609200533870956
1.87042046236559    -0.21460626552688133    2.0850267278924712
1.11252530376344    0.7837786426827986    0.3287466610806413
1.44307236021505    1.0031273879516172    0.43994497226343277
-0.599916956989246    0.8648231681075229    1.4647401250967689
-0.387829647849461    -0.39612117006451186    0.008291522215050862
-0.314433518817202    -0.14003120774731023    0.17440231106989176
-2.10534341935484    -0.28740302042473104    1.817940398930109
-0.409159795698926    -0.5048931727096748    0.0957333770107488
-0.42755144623656    -0.4100013040591398    0.01755014217742018
0.282653344086022    -0.027093340591397473    0.30974668467741945
-0.120956655913972    0.012385865612907353    0.13334252152687937
0.750275994623653    0.4501181803870936    0.3001578142365594
-0.347324870967746    0.30139355016129277    0.6487184211290388
-0.372651029569891    -0.21680870419354883    0.15584232537634216
2.11356869354838    1.2280110672795583    0.8855576262688216
-0.838350623655913    -0.4212653487311821    0.41708527492473085
-0.457546647849462    0.1049704034516129    0.5625170513010749
0.372428147849464    -0.561438434    0.933866581849464
0.120155913978493    0.04266581147849386    0.07749010249999913
-1.36370412903226    0.3664327396344094    1.7301368686666694
0.657348553763438    -0.6187614510806432    1.2761100048440812
-0.952438989247309    -0.2999945319193539    0.6524444573279551
-1.11318498924731    -0.7891366777957011    0.32404831145160895
-0.0243236720430104    -0.08535152716666652    0.061027855123656126
-0.224227204301076    -0.09219065698387081    0.1320365473172052
-0.369627029569891    -0.3188701209086038    0.05075690866128724
-0.0635986397849493    -0.07291161726881912    0.00931297748386982
1.12330904301075    0.7176469157956974    0.40566212721505257
0.664108685483871    0.4883196399569919    0.17578904552687913
0.943767814516129    0.247583620435484    0.696184194080645
0.830668247311831    0.8207240380698909    0.00994420924194006
-0.377640462365594    0.06301873010752575    0.44065919247311974
-0.506149446236563    0.2592182945107544    0.7653677407473174
-0.510841655913978    -0.1092548550591401    0.4015868008548379
0.488662010752694    0.21020933084408855    0.27845267990860545
-0.0952136720430126    -0.010865011645162228    0.08434866039785038
-1.00823153763441    -0.5587467453602135    0.44948479227419647
-0.161322029569888    0.02250247210752944    0.18382450167741743
0.819071360215048    0.4907410158924699    0.3283303443225781
-1.61282062365591    0.23062057346236559    1.8434411971182756
-0.0500659811827955    -0.31124229151613    0.2611763103333345
-0.134186852150537    -0.13975056141935452    0.005563709268817524
-1.81725008602151    -1.240229539182798    0.577020546838712
-0.0713967956989272    -0.33420626872043124    0.26280947302150404
0.744549887096767    0.2847570787311788    0.45979280836558817
0.526270344086022    -0.20819103786559187    0.7344613819516139
1.30365967741936    0.990463349349467    0.31319632806989306
2.04551566129032    0.5415848383548354    1.5039308229354844
0.0221841290322544    0.36305089770429505    0.34086676867204063
-0.70033602956989    -0.4435588059354815    0.2567772236344085
1.23693869354838    0.7766372328548357    0.4603014606935443
0.424082543010755    0.3041190866075295    0.11996345640322548
0.254382352150539    0.13471158723118293    0.11967076491935608
-2.1325005188172    0.3694358498225812    2.5019363686397815
-0.605348752688172    -0.6464032932419308    0.04105454055375879
0.746411204301069    0.3491079744462319    0.3973032298548371
-0.58241811290323    -0.44482235110215534    0.13759576180107463
-1.38789132258065    -0.8101613026290315    0.5777300199516184
-0.761035322580636    -0.5348058469085941    0.22622947567204188
0.107011327956993    -0.22548829439784993    0.3324996223548429
0.468981795698923    0.1308054063817195    0.3381763893172035
0.448879637096781    0.34805142429032715    0.10082821280645388
-0.376486973118283    -0.05048961932258272    0.3259973537957003
-0.147620956989245    -0.00579586028494538    0.1418250967042996
0.280482352150539    0.11995161665053687    0.16053073550000213
1.0181414811828    0.7165391722634403    0.3016023089193597
0.435532247311826    0.5066130105483808    0.07108076323655482
0.725918537634406    0.4836081176559135    0.24231041997849245
1.1692882204301    0.7978088783655833    0.3714793420645167
0.383127677419356    0.8631431415860202    0.48001546416666424
1.00880434408603    0.6652699070752701    0.3435344370107598
0.465852327956991    0.4593529399354816    0.0064993880215094
-0.0671995376344121    0.4548607856451618    0.5220603232795739
1.19740497043011    0.7693851580483909    0.42801981238171904
1.20386002688172    0.812935437811832    0.3909245890698879
1.41711204301076    0.3087230464139768    1.1083889965967832
0.472109685483874    0.7225619627419341    0.2504522772580601
0.768187481182796    0.3401040384946258    0.4280834426881702
0.137774913978493    0.6116228244731186    0.47384791049462555
-0.189588129032263    0.012375793956986621    0.20196392298924962
0.53773688709677    0.3734440155645135    0.16429287153225652
0.280967677419355    0.1990841922043013    0.08188348521505373
0.318819010752694    0.34730746493548525    0.02848845418279128
0.03702932795699    0.26759616309677436    0.23056683513978438
0.303236129032253    0.2925635198225783    0.010672609209674722
1.04729130376344    0.6639244585430081    0.38336684522043185
-1.44152063978495    -0.6675882853387111    0.773932354446239
-1.47288695698925    -1.0207799173709768    0.45210703961827314
1.95024868548387    0.9546863083924726    0.9955623770913975
-0.70578618548387    0.7291281632096779    1.4349143486935478
-1.21922241935484    -1.0809969219569875    0.1382254973978525
-0.583082129032263    -0.5601011280268808    0.02298100100538214
0.382555553763435    -0.1258489800376357    0.5084045338010706
0.13993801075269    0.09780153961828025    0.04213647113440974
1.00018001075269    0.6586202274462369    0.341559783306453
-1.12327233870968    -0.5796107655967769    0.543661573112903
1.35758279569892    0.8915577647688192    0.4660250309301007
-0.725991362903223    -0.3182892216989238    0.40770214120429915
-1.87553397311828    -1.2460379950430172    0.6294959780752629
-2.29164062365591    -1.6044861266720352    0.687154496983875
-1.57483364784946    -1.1491867323817162    0.4256469154677438
0.039460814516131    -0.1157199788548375    0.1551807933709685
-0.153360752688172    -0.24778402293010796    0.09442327024193595
-0.836111462365594    -0.7527861098494636    0.08332535251613038
-0.481367112903232    -0.38660120226344297    0.09476591063978901
0.289019010752686    -0.06830047642473197    0.35731948717741796
-0.310343655913968    0.041975374672043    0.352319030586011
-0.0003140053763459    -0.008302049247313559    0.00798804387096766
0.128721129032254    -0.03947552184946622    0.1681966508817202
0.374337970430112    0.30639978654838773    0.06793818388172429
-0.43079863978495    -0.05189431725268737    0.3789043225322626
-0.0435152903225795    0.050962336435483875    0.09447762675806337
-1.4780829811828    -0.9957512377580704    0.4823317434247296
-0.259977518817202    -0.39978818629569945    0.13981066747849746
-1.02483775268817    -0.6999671436881668    0.3248706090000032
-1.67819246236559    -0.3865270033602154    1.2916654590053747
-0.479009779569896    -0.6219276107096802    0.14291783113978418
-0.0294143225806458    -0.2929098326881725    0.2634955101075267
-0.308393322580635    -0.3479898596344034    0.039596537053768366
-0.0946796720430143    -0.1561610457957013    0.061481373752687
0.270523795698924    0.12093442970429988    0.1495893659946241
1.28494930376344    0.9794526815376269    0.3054966222258132
-1.18872813978495    -0.6121578272688211    0.576570312516129
-1.28052495698925    -0.942372395268824    0.33815256172042607
-1.98270131451613    -0.4218625030268792    1.5608388114892509
-0.78545468548387    -0.606119329301072    0.17933535618279794
-1.47146808602151    -0.8330899811666681    0.6383781048548418
1.06571120430107    0.3651636957096728    0.7005475085913971
1.31155855376344    1.024005176096777    0.287553377666663
-0.589225989247307    -0.40847325741397483    0.18075273183333213
-1.0778579892473    -0.7181600875913924    0.35969790165590754
-0.918321338709674    -0.7439615176129012    0.17435982109677284
-0.118636537634412    -0.06486749888709963    0.05376903874731237
-0.024043029569885    -0.08871956516666137    0.06467653559677636
1.04047669354839    0.6508892962258053    0.38958739732258474
0.426007876344087    0.4465139770913945    0.02050610074730752
-0.746444314516129    -0.49648984359140125    0.24995447092472778
0.294206147849463    0.14516970059139941    0.14903644725806356
0.312172247311825    0.13111746206989106    0.18105478524193397
0.392450537634407    0.3508517454247329    0.04159879220967411
0.0359568870967699    0.22895836386021237    0.19300147676344248
1.04091367741935    0.65360236418279    0.3873113132365599
-0.076980989247307    -0.08202955183870622    0.005048562591399228
0.468069661290322    0.31224929722580724    0.15582036406451477
0.178411462365588    0.09218982037634706    0.08622164198924094
0.0028399704301094    0.01267158070967779    0.00983161027956839
-0.0727663064516158    -0.05722033517742102    0.015545971274194784
1.66768670967742    1.07539772952688    0.59228898015054
-1.46546598118279    -0.7841480568440796    0.6813179243387103
-1.52491118548387    -1.3097573652849492    0.2151538201989207
-0.27217041935484    -0.21873110585483843    0.053439313500001556
-0.0522797956989258    -0.22403612613978338    0.17175633044085759
-0.682063446236562    -0.6756005846612906    0.006462861575271428
-0.517555322580648    -0.37562805901613194    0.14192726356451602
0.161129677419364    0.08350918219893033    0.07762049522043366
-0.909801672043013    -0.05294931663440826    0.8568523554086047
-0.0482885376344093    -0.06286197223118345    0.014573434596774147
1.20874930376344    0.6867822999247303    0.5219670038387098
0.35915902688172    0.35064487382258047    0.008514153059139551
-0.562926956989246    -0.44889330359677637    0.11403365339246962
-0.72047631451613    -0.3930707644623673    0.32740555005376276
-1.20694835215054    -0.14772224230107442    1.0592261098494655
-1.39264875268817    -1.0987026769999944    0.29394607568817555
0.755520204301075    0.2602702334516136    0.49524997084946143
1.2829482204301    0.9579571312419334    0.32499108918816655
0.0956163440860216    -0.19090878954838797    0.28652513363440957
-0.811108989247305    -0.5041864187688153    0.3069225704784897
0.178749661290325    0.02100496645161534    0.15774469483870965
-0.659352537634412    -0.5874447647580668    0.0719077728763452
-0.487346362903221    -0.3618615806129023    0.12548478229031867
1.79889969354839    1.263906281844082    0.534993411704308
-0.362176956989245    0.2502557060053754    0.6124326629946204
0.438029518817206    0.16270573134946223    0.2753237874677438
-0.454965185483871    -0.29535704396774076    0.15960814151613023
0.66002458064516    0.1354284645215047    0.5245961161236553
0.361951204301075    -0.06178902305913918    0.4237402273602142
0.114814220430102    0.08615761292472805    0.02865660750537395
1.44171601075269    0.8786294548279633    0.5630865559247268
0.424931344086033    0.7838966276935507    0.3589652836075177
-0.756631338709678    -0.5599768716129004    0.19665446709677759
-0.429483870967744    -0.21093627389785025    0.21854759706989374
-0.617523696236557    -0.32225910751612935    0.29526458872042766
-0.561581639784951    -0.5650126335752708    0.0034309937903197474
-0.0233886236559115    0.079170390559141    0.10255901421505251
1.61423035215054    0.9395805576612862    0.6746497944892537
0.674234147849464    0.5009924756236555    0.17324167222580855
-0.300976586021505    -0.24200790496774252    0.05896868105376249
-1.13627679569893    0.3976665545645175    1.5339433502634474
0.323955887096769    0.19723318626343747    0.1267227008333315
0.310966344086022    0.24542423336021638    0.0655421107258056
0.102393344086035    0.04992846148925507    0.05246488259677993
-0.296434005376344    0.006267871091397057    0.30270187646774105
-0.451237537634409    -0.261528410327959    0.18970912730645
0.642579970430109    0.45464652320967985    0.1879334472204291
0.0741883602150502    0.14841551217741783    0.07422715196236764
-1.47321529032258    -0.17551623461290358    1.2976990557096764
-2.34066964784946    -0.400066448962365    1.940603198887095
-0.494665518817207    -0.5735250127903252    0.0788594939731182
-0.886166419354838    -0.6008152444032271    0.2853511749516109
0.301139204301073    0.17969904936559164    0.12144015493548135
0.396155553763435    -0.21691632555913895    0.6130718793225739
0.785814677419356    0.599231546473117    0.1865831309462389
0.360521677419367    0.7071196747042987    0.3465979972849317
0.0770986612903215    0.11958211886021403    0.042483457569892524
-0.674450870967746    0.2569462804784948    0.9313971514462409
-0.304561029569893    -0.050537128844087516    0.2540239007258055
0.0840126935483845    0.10863988631182782    0.024627192763443315
-0.085883790322578    -0.11795082543548165    0.03206703511290365
1.05636901881721    0.5699282665215094    0.4864407522957005
0.87062481451613    0.5387631699623671    0.331861644553763
0.458641580645161    0.30273365308602124    0.15590792755913974
-0.387316795698929    -0.08376718294086231    0.3035496127580667
0.213355220430099    0.17722845268279053    0.03612676774730847
1.00789601075269    0.6129411937634406    0.3949548169892494
0.283680677419365    0.3577052211129108    0.07402454369354583
-0.106777672043009    0.26323916895698746    0.37001684099999643
-0.298641537634413    0.4560778324569907    0.7547193700914037
0.117458637096778    0.08818095976881878    0.02927767732795923
-0.237652639784947    -0.1699315330483871    0.0677211067365599
-0.777528956989245    -0.4942901035967716    0.28323885339247334
0.58005568548387    -0.22309863718279396    0.803154322666664
0.609625481182796    0.3243013900053766    0.2853240911774194
-0.435864086021507    0.1385202490107502    0.5743843350322572
-0.274157795698926    0.3394834018817214    0.6136411975806474
-0.319669446236563    -0.27442874365053876    0.04524070258602425
-0.222949322580646    -0.11887666462903324    0.10407265795161277
-0.281415989247307    -0.21877390709677155    0.06264208215053543
-0.254416005376346    -0.2047433156720444    0.04967268970430161
1.09077212903226    0.644398512446239    0.44637361658602104
-1.01616769623655    -0.5182861733064453    0.4978815229301047
-0.987754639784949    1.2750861416182875    2.2628407814032365
-0.869254956989245    -0.5932424436720417    0.27601251331720333
-0.193170647849461    -0.2199958335537625    0.026825185704301507
-0.241247852150538    -0.30521315930645015    0.06396530715591214
0.408417247311828    0.23495835253763592    0.17345889477419207
-1.38999479569893    0.19711500590322678    1.5871098016021568
-1.2711617795699    -0.5952841114838707    0.6758776680860292
-0.285952322580641    -0.011141776349462793    0.27481054623117823
-0.0874459892472999    -0.19832251178493887    0.11087652253763897
-0.565434005376346    -0.3705548312419367    0.1948791741344093
-0.402737537634412    -0.38848330155914157    0.014254236075270432
0.45560163709678    0.3803961372311854    0.07520549986559455
-0.292505639784949    -0.19087047247311956    0.10163516731182942
1.50394470967742    0.884291941811823    0.6196527678655971
-2.50153031451613    -1.3468599144677347    1.1546704000483952
-1.45991385215054    -1.221217423026877    0.23869642912366285
-0.919250086021505    -0.6427191424623645    0.27653094355914054
0.799989870967742    0.45016285651075283    0.34982701445698916
-0.105497446236562    -0.22509691724731215    0.11959947101075015
0.271979677419356    0.2251562926290311    0.04682338479032491
0.614196344086029    0.37959015617204617    0.2346061879139828
1.11271799462365    0.7962437702150508    0.3164742244085993
1.52734679569892    1.1982091009354798    0.3291376947634401
1.27796330376345    0.7274089727043028    0.5505543310591471
-0.474402973118281    0.03859343676881616    0.5129964098870972
0.866488376344087    0.49068509071505456    0.3758032856290325
0.380539685483871    0.024619768650538783    0.35591991683333224
1.90067181451613    -0.14142646834408806    2.042098282860218
0.290988247311827    0.4139312315053735    0.12294298419354649
0.938438204301072    0.5477671139408568    0.3906710903602153
0.752308887096767    0.4974277133225813    0.25488117377418573
-0.472676655913972    0.4690475447526869    0.9417242006666589
0.0103806774193629    0.14159899331720915    0.13121831589784624
-0.830672005376346    -0.5325612006021546    0.2981108047741914
2.16480846236559    -0.21346753919892583    2.378276001564516
1.23945297043011    0.8493318370645246    0.3901211333655854
1.64936602688172    1.0993674117311727    0.5499986151505474
0.879664709677421    0.7560471802096747    0.1236175294677464
-0.228451481182793    0.12836977582258233    0.3568212570053753
1.0984054811828    0.8019206204784943    0.2964848607043056
-1.01138541935484    -0.6494432516559111    0.36194216769892884
1.94553853763441    1.4702699855483963    0.4752685520860138
0.936954887096768    0.5240772690591348    0.41287761803763323
0.484830010752688    0.49681465854301016    0.011984647790322156
0.294624010752695    0.39667804855376987    0.10205403780107486
1.46815099462366    0.979894926940867    0.48825606768279295
0.541018795698921    0.5680721034032243    0.027053307704303364
0.107512637096779    0.08497387580645467    0.022538761290324325
0.0686343602150501    0.18015720069892205    0.11152284048387195
1.64897204301075    0.971859744650539    0.6771122983602109
0.700808685483873    0.6493061720698977    0.05150251341397527
-1.27580385215054    -0.8533664330215093    0.42243741912903066
-0.712165086021503    -0.4549533983118281    0.25721168770967484
0.151140870967737    0.13120084736558812    0.019940023602148887
0.141120220430103    0.020552192709674986    0.12056802772042802
-0.731086989247309    -0.361939002887092    0.36914798636021695
-0.812533322580634    -0.4612990375645093    0.35123428501612475
-0.807428005376348    -0.20242836272580325    0.6049996426505447
-0.612125870967748    -0.6752789681290394    0.06315309716129147
1.25839663709678    -0.7753540695645185    2.0337507066612988
-1.12085963978495    -0.6519660809838747    0.4688935588010753
0.519574709677423    0.46782754769892576    0.05174716197849727
-0.382966981182793    -0.492947433521501    0.10998045233870801
-0.117620518817205    -0.14924530264516192    0.031624783827956915
1.61517658064516    0.1683451112096777    1.4468314694354822
-0.672834462365593    -0.3427649260806462    0.3300695362849468
-0.287677112903232    -0.243086297801077    0.04459081510215501
-0.596369989247307    -0.39468065246773804    0.20168933677956896
0.10624134408603    -0.065220226838705    0.17146157092473502
-0.590969005376348    0.07281243645161352    0.6637814418279615
0.422081462365586    0.08950061398386719    0.33258084838171886
0.655277637096781    0.03338570730107542    0.6218919297957056
1.37875669354838    1.0848671179408547    0.29388957560752527
2.91522237634408    2.1255978383817267    0.7896245379623532
0.515345685483874    0.6356828675645141    0.12033718208064004
1.41263014784946    1.0879304046344118    0.32469974321504824
-1.22883308602151    -0.3062913460967799    0.9225417399247301
0.217849204301071    -0.11119785980107849    0.32904706410214946
0.280041220430103    0.17825140270967435    0.10178981772042864
-0.429921989247312    -0.2639360584946248    0.1659859307526872
0.985313010752702    0.33228129828494674    0.6530317124677552
0.0427666612903259    0.04390930504301297    0.0011426437526870711
0.897288462365591    -0.11529603174731022    1.0125844941129012
-0.141386362903223    -0.05466706112365385    0.08671930177956916
-1.41395297311828    0.11286236416129    1.52681533727957
1.01902804301075    0.43476033818817517    0.5842677048225747
2.25645235215054    1.8039800102526806    0.45247234189785956
0.368605481182795    0.214453293317205    0.15415218786559
-0.777557086021506    -0.4059988119623674    0.37155827405913855
0.546749537634405    0.4468141680322589    0.09993536960214616
-0.203458779569896    -0.27166404397312127    0.06820526440322527
1.10961101075269    0.6184852281075321    0.4911257826451578
0.209617344086027    0.00999160661290659    0.1996257374731204
0.0992519946236534    0.23698865441397932    0.1377366597903259
1.63236779569893    0.02932367162903513    1.603044124069895
1.26003430376345    1.0604056493494727    0.19962865441397737
-1.09997530645162    -0.5961742358387158    0.5038010706129042
0.442357376344091    0.2353800671720443    0.2069773091720467
-1.42439464784946    -1.0272303791397794    0.3971642687096806
-0.78957218548387    -0.38480068158602304    0.40477150389784694
1.72279658064516    1.0793541410913945    0.6434424395537655
1.30998453763441    0.6051500903387128    0.7048344472956971
-0.440898112903231    -0.15595770708602563    0.28494040581720537
0.513208677419357    0.06553388725806736    0.4476747901612897
-0.651410655913967    -0.47512090012902236    0.1762897557849446
-0.583561338709679    0.019340298301074407    0.6029016370107534
0.0731617956989226    0.2565103743387119    0.18334857863978926
-0.42114602956989    0.17151447904301162    0.5926605086129016
-0.319137306451616    -0.2829586974677457    0.036178608983870264
-1.03003395698924    -0.6682973093763401    0.3617366476128999
1.48582001881721    0.9216029837043029    0.564217035112907
0.415490814516129    0.48387754054300847    0.06838672602687945
-1.11322475268817    -0.6564533099838716    0.45677144270429837
-0.0338164623655928    -0.012669380075269956    0.02114708229032284
-0.281179112903228    -0.3125301370161317    0.03135102411290369
-0.748077655913978    -0.5242632009032285    0.22381445501074948
-1.27320632258063    -0.8162175322526746    0.4569887903279555
-0.256201672043009    -0.41436847633333174    0.15816680429032276
0.380160462365591    0.12097376340860133    0.25918669895698965
0.0456863037634463    -0.010808491360211924    0.05649479512365822
0.545293360215052    0.30504205691397895    0.24025130330107308
-1.52635429032258    -0.866138040811825    0.660216249510755
-1.29349464784946    -0.5182286965967734    0.7752659512526866
0.358476147849464    0.014696328790322863    0.3437798190591412
0.290445913978491    -0.36110144019892515    0.6515473541774162
-0.532400129032261    -0.34930009074193413    0.18310003829032684
2.59772188709677    1.491975896107529    1.1057459909892413
0.675353677419352    0.5068670161344102    0.16848666128494183
0.349967677419365    0.35276595563979135    0.0027982782204263312
1.44229999462366    0.9951034561559222    0.4471965384677379
0.129776462365587    0.4278412614301022    0.2980647990645152
-0.361306029569889    -0.21159395614515886    0.14971207342473014
0.0270060268817183    0.1510943291236581    0.12408830224193981
0.0892387096774225    0.08362039164516254    0.00561831803225997
0.588382018817205    0.25403205856989125    0.3343499602473137
-1.01891685215054    -0.5182460511182807    0.5006708010322594
0.385211580645162    0.32244663986559186    0.06276494077957012
-1.12016579569893    -0.7496071396075324    0.3705586560913975
-0.236135112903231    -0.11833763494624003    0.11779747795699097
-0.160542989247311    -0.2640811724838683    0.10353818323655731
1.08027101075269    0.6200216878387114    0.4602493229139787
0.422875661290323    0.2883488932688178    0.1345267680215052
-0.695453870967747    0.0370668570913982    0.7325207280591453
0.247168637096777    0.1021704260483894    0.14499821104838762
-0.285293139784947    -0.12618669202150617    0.15910644776344085
-0.770309290322579    -0.39933117922580497    0.37097811109677403
-0.376682981182793    -0.36200439422580577    0.014678586956987205
-0.552282852150539    -0.5205993529623666    0.03168349918817237
-0.938321086021505    -0.6960701595376387    0.24225092648386626
0.269813204301069    -0.12490576031182848    0.39471896461289746
-0.44722044623656    -0.29596069062903135    0.15125975560752863
-0.625145655913975    -0.3698100664139739    0.25533558950000107
-0.628003655913968    -0.11338033918817247    0.5146233167257955
1.25229499462365    0.682235065752682    0.5700599288709679
-0.0377165376344095    -0.03332703129569963    0.004389506338709867
-0.181125029569888    -0.0673854888870933    0.1137395406827947
0.47151702688172    0.2941519934462354    0.1773650334354846
-0.0241849569892452    0.05750530996774381    0.08169026695698901
-0.54764231451613    -0.2800741266397847    0.2675681878763453
1.87867114784946    1.2128921130591352    0.6657790347903247
1.12557258064517    0.0885427256505386    1.0370298549946313
1.54944287096774    1.22985558837097    0.31958728259676983
0.971562220430105    0.8749242095752634    0.09663801085484158
1.96449501075269    1.3042012031827916    0.6602938075698983
-0.839307322580634    0.7295314215913976    1.5688387441720315
0.0014963279569855    -0.1390021150161306    0.14049844297311612
-1.13299253763441    -0.7414718978279617    0.39152063980644836
-0.292465696236555    -0.15752252753225557    0.13494316870429943
0.038907693548385    -0.19206552080645314    0.23097321435483814
0.483693376344087    -0.10342512192473105    0.587118498268818
-0.771598314516128    -0.3641622685806433    0.4074360459354847
-0.994256518817204    -0.12758940492473095    0.8666671138924731
0.332741580645163    0.09794092685483999    0.23480065379032303
0.199340537634406    0.0978171592096757    0.10152337842473032
0.612873887096768    0.3771551594892458    0.23571872760752227
1.08885901075269    0.8148123818602128    0.27404662889247733
1.71962434408603    1.0029653233655884    0.7166590207204415
1.58537666129033    1.1201239672957077    0.4652526939946222
0.0543294623655903    0.2636158280537607    0.2092863656881704
0.277325303763448    0.19099938059677882    0.08632592316666918
0.132085360215051    0.3120353990806462    0.1799500388655952
0.815768376344089    0.5833585854193577    0.23240979092473135
0.724612685483873    0.5450965775537617    0.1795161079301113
0.465130147849461    0.3948539236989246    0.07027622415053641
1.32628424731183    0.9234106031021521    0.40287364420967786
1.59842387096774    1.1415144824408567    0.45690938852688334
1.1698552204301    0.9913564926236561    0.17849872780644394
0.847864344086023    0.7134795270376344    0.13438481704838856
1.22938534408603    1.0037199036828057    0.22566544040322434
0.304439327956988    0.5331144165591419    0.2286750886021539
0.327324795698924    0.28670576556451793    0.04061903013440604
0.477149303763444    0.3470137877956996    0.13013551596774442
0.912987026881719    0.7478963908602085    0.16509063602151042
0.913109043010753    0.8706780228279623    0.04243102018279077
1.37802185215054    1.0587324375215097    0.3192894146290304
3.35780214784947    2.54667623112905    0.8111259167204201
1.30226924731182    1.0913463048924665    0.2109229424193535
0.196880870967743    0.36243020475268684    0.16554933378494383
-0.0149824462365622    0.10507553837096587    0.12005798460752806
0.70796401075269    0.4051293150053822    0.3028346957473078
0.531356344086031    0.4938907452311864    0.03746559885484463
1.05923566129032    0.8095205999999981    0.24971506129032184
-0.0088315376344105    0.2608823573655913    0.2697138950000018
2.42886230376345    1.6675669149462444    0.7612953888172056
-1.19947297311828    0.3510461261827954    1.5505190993010753
-2.78127295698924    -1.931060825725809    0.8502121312634308
0.0122661854838722    -0.3347811097688178    0.34704729525269
0.0856188145161312    0.029607069220431104    0.05601174529570009
-0.293174419354841    -0.2430566362204316    0.0501177831344094
-0.0697234623655945    -0.10402391668817301    0.034300454322578514
-0.133588779569898    -0.031036625693551926    0.10255215387634609
0.560844010752692    0.015594759575269129    0.5452492511774228
1.07334134408603    0.5810624708602211    0.4922788732258089
1.55339399462365    1.09374803389785    0.4596459607257999
0.134465795698922    0.44772551656451515    0.31325972086559317
-0.0973263629032211    -0.1335913597849426    0.03626499688172151
1.33056136021505    0.9280003080645085    0.4025610521505414
1.14192470967742    0.88810906130108    0.2538156483763401
1.1419100188172    0.4023645380322561    0.739545480784944
1.39108681451613    1.2815784945591482    0.10950831995698174
3.03774824731182    2.2049130467795655    0.8328352005322546
0.923173870967737    0.8794078622903135    0.04376600867742342
-0.260549112903231    0.7898338473978518    1.0503829603010828
0.416269677419354    0.5382069663870981    0.12193728896774408
0.0342123440860327    -0.1283743178655833    0.16258666195161597
-0.675989005376341    -0.36635864356989223    0.30963036180644876
0.509781129032252    0.24758542575268286    0.2621957032795692
1.88890263709678    1.0954325209462448    0.7934701161505353
1.26544202688172    1.0443892624086    0.22105276447311994
-0.203182956989245    0.010239794908601966    0.21342275189784696
0.82124135215054    0.6744765400591403    0.1467648120913997
-0.948604352150539    -0.6601865551559137    0.2884177969946252
1.47917491397849    1.0914353684193567    0.38773954555913326
0.449764870967737    0.20583783163978123    0.24392703932795576
0.86999488709677    0.43513679353762996    0.43485809355914
1.11935167741936    0.5679327083817215    0.5514189690376384
2.38251467741937    1.7616494936451794    0.6208651837741905
0.0415863279569884    0.3995974985537645    0.35801117059677606
0.188075129032256    -0.007357299580645486    0.1954324286129015
1.46479230376345    1.0322041204677441    0.4325881832957059
2.11262802688172    1.447267726930103    0.6653602999516168
2.85137970967742    2.007980670037633    0.8433990396397872
0.0552423521505379    0.23171873640860313    0.17647638425806522
-0.173696852150536    0.08491335025806644    0.25861020240860244
0.245262580645161    0.495963710467742    0.250701129822581
1.78910787096774    1.1159585972526804    0.6731492737150595
0.682395553763435    0.6752766835913969    0.00711887017203805
0.461441010752687    0.2383503185376348    0.2230906922150522
0.191950344086028    0.29343260922043424    0.10148226513440622
-0.465198338709676    -0.08513013583870864    0.3800682028709673
0.144254462365591    0.36462972394085985    0.22037526157526885
-0.531139029569893    -0.3830931024086022    0.14804592716129078
-0.394344973118283    -0.30778022784946313    0.08656474526881985
1.49147104301075    1.0361836768118236    0.4552873661989265
-0.090727981182793    -0.14411571379569785    0.053387732612904845
0.106665147849462    0.02718830520967766    0.07947684263978434
1.00659458064516    0.6665621719086049    0.34003240873655505
0.762638537634405    0.5236451973548392    0.23899334027956587
0.0283628870967654    0.08139843331182219    0.05303554621505678
0.304946344086023    0.2549320438548398    0.050014300231183195
0.207943677419365    0.3095297559247385    0.10158607850537352
-0.363053672043009    -0.10996184113440727    0.2530918309086017
0.397975129032254    0.2677178614408597    0.13025726759139433
0.0025143037634443    -0.04865807348386907    0.05117237724731337
-0.80576063978495    -0.40959877393548616    0.3961618658494639
-0.317275623655911    -0.13843381308601949    0.1788418105698915
-1.1171919811828    -0.8719476967688267    0.24524428441397328
0.496250481182795    0.23575968870430242    0.2604907924784926
1.29091424731183    0.18168082941935548    1.1092334178924745
-0.396434129032265    -0.2834914060860238    0.11294272294624119
0.347922887096768    0.24818952822580473    0.09973335887096327
-0.280016989247311    -0.17460029579569772    0.10541669345161328
0.889279344086035    0.22698484791935508    0.6622944961666799
0.422778994623656    0.16761137275268828    0.2551676218709677
0.104729129032254    -0.08640977127957264    0.19113890031182662
-0.566778029569893    -0.1597068188225809    0.4070712107473121
-1.06482430645162    -0.5989695671774219    0.4658547392741982
-1.08936029032258    -0.6901370908010769    0.3992231995215032
1.77773868548387    0.7674495917634448    1.010289093720425
-0.521187852150538    0.49158296191397893    1.0127708140645169
-1.26460475268817    -0.9765964545215051    0.28800829816666496
-0.198364462365593    -0.34175321433870837    0.14338875197311537
-0.982376446236565    -0.5816530209731232    0.40072342526344173
0.156272344086023    -0.013031033634407871    0.16930337772043086
